122538.28125
122538.28125
122535.25
122535.25
122532.21875
122532.21875
122529.1875
122529.1875
122526.15625
122526.15625
122523.125
122523.125
122520.09375
122520.09375
122517.0625
122517.0625
122514.03125
122514.03125
122511.0
122511.0
122507.96875
122507.96875
122504.9375
122504.9375
122501.90625
122501.90625
122498.875
122498.875
122495.84375
122495.84375
122492.8125
122492.8125
122489.78125
122489.78125
122486.75
122486.75
122483.71875
122483.71875
122480.6875
122480.6875
122477.65625
122477.65625
122474.625
122474.625
122471.59375
122471.59375
122468.5625
122468.5625
122465.53125
122465.53125
122462.5
122462.5
122459.46875
122459.46875
122456.4375
122456.4375
122453.40625
122453.40625
122450.375
122450.375
122447.34375
122447.34375
122444.3125
122444.3125
122441.28125
122441.28125
122438.25
122438.25
122435.21875
122435.21875
122432.1875
122432.1875
122429.15625
122429.15625
122426.125
122426.125
122423.09375
122423.09375
122420.0625
122420.0625
122417.03125
122417.03125
122414.0
122414.0
122410.96875
122410.96875
122407.9375
122407.9375
122404.90625
122404.90625
122401.875
122401.875
122398.84375
122398.84375
122395.8125
122395.8125
122392.78125
122392.78125
122389.75
122389.75
122389.75
122380.75
122380.75
122371.875
122371.875
122363.125
122363.125
122354.5
122354.5
122346.0
122346.0
122337.625
122337.625
122329.375
122329.375
122321.25
122321.25
122313.25
122313.25
122305.375
122305.375
122297.625
122297.625
122290.0
122290.0
122282.5
122282.5
122275.125
122275.125
122267.875
122267.875
122260.75
122260.75
122253.75
122253.75
122246.875
122246.875
122240.125
122240.125
122233.5
122233.5
122227.0
122227.0
122220.625
122220.625
122214.375
122214.375
122208.25
122208.25
122202.25
122202.25
122196.375
122196.375
122190.625
122190.625
122185.0
122185.0
122179.5
122179.5
122174.125
122174.125
122168.875
122168.875
122163.75
122163.75
122158.75
122158.75
122153.875
122153.875
122149.125
122149.125
122144.5
122144.5
122140.0
122140.0
122135.625
122135.625
122131.375
122131.375
122127.25
122127.25
122123.25
122123.25
122119.375
122119.375
122115.625
122115.625
122112.0
122112.0
122108.5
122108.5
122105.125
122105.125
122101.875
122101.875
122098.75
122098.75
122095.75
122095.75
122092.78125
122092.78125
122090.0625
122090.0625
122087.59375
122087.59375
122085.375
122085.375
122083.40625
122083.40625
122081.6875
122081.6875
122080.21875
122080.21875
122079.0
122079.0
122078.03125
122078.03125
122077.3125
122077.3125
122076.84375
122076.84375
122076.625
122076.625
122076.59375
122070.65625
122070.4375
122070.4375
122070.40625
122064.46875
122064.25
122064.25
122064.21875
122058.28125
122058.0625
122058.0625
122058.03125
122052.09375
122051.875
122051.875
122051.84375
122045.90625
122045.6875
122045.6875
122045.65625
122039.71875
122039.5
122039.5
122039.46875
122033.53125
122033.3125
122033.3125
122033.28125
122027.34375
122027.125
122027.125
122027.09375
122021.15625
122020.9375
122020.9375
122020.90625
122014.96875
122014.75
122014.75
122014.71875
122008.78125
122008.5625
122008.5625
122008.53125
122002.59375
122002.375
122002.375
122002.34375
121996.40625
121996.1875
121996.1875
121996.15625
121990.21875
121990.0
121990.0
121989.96875
121984.03125
121983.8125
121983.8125
121983.78125
121977.84375
121977.625
121977.625
121977.59375
121971.65625
121971.4375
121971.4375
121971.40625
121965.46875
121965.25
121965.25
121965.25
121956.4375
121956.4375
121948.0
121948.0
121939.9375
121939.9375
121932.25
121932.25
121924.9375
121924.9375
121918.0
121918.0
121911.4375
121911.4375
121905.25
121905.25
121899.4375
121899.4375
121894.0
121894.0
121888.9375
121888.9375
121884.25
121879.875
121873.9375
121873.9375
121869.5
121865.375
121859.4375
121859.4375
121855.25
121851.375
121845.4375
121845.4375
121841.5
121837.875
121831.9375
121831.9375
121828.25
121824.875
121818.9375
121818.9375
121815.5
121812.375
121806.4375
121806.4375
121803.25
121800.375
121794.4375
121794.4375
121791.5
121788.875
121782.9375
121782.9375
121780.25
121777.875
121771.9375
121771.9375
121769.5
121767.375
121761.4375
121761.4375
121759.25
121757.375
121751.4375
121751.4375
121749.5
121747.875
121741.9375
121741.9375
121740.25
121738.875
121732.9375
121732.9375
121731.5
121730.375
121724.4375
121724.4375
121723.25
121722.375
121716.4375
121716.4375
121715.5
121714.875
121708.9375
121708.9375
121708.25
121707.875
121701.9375
121701.9375
121701.5
121701.375
121695.4375
121695.4375
121695.25
121695.25
121692.84375
121692.84375
121690.9375
121690.9375
121689.53125
121689.53125
121688.625
121688.625
121688.21875
121688.21875
121688.125
121682.3125
121681.90625
121681.90625
121681.8125
121676.0
121675.59375
121675.59375
121675.5
121669.6875
121669.28125
121669.28125
121667.625
121666.375
121666.28125
121660.46875
121658.8125
121658.0625
121657.65625
121657.65625
121656.5
121655.75
121655.65625
121649.84375
121648.6875
121648.4375
121648.03125
121648.03125
121647.375
121647.125
121647.03125
121641.21875
121640.5625
121640.3125
121634.40625
121634.40625
121633.75
121633.5
121627.59375
121627.59375
121626.9375
121626.6875
121620.78125
121620.78125
121620.125
121619.875
121613.96875
121613.96875
121613.3125
121613.0625
121607.15625
121607.15625
121606.5
121606.25
121600.34375
121600.34375
121599.6875
121599.4375
121593.53125
121593.53125
121592.875
121592.625
121586.71875
121586.71875
121586.0625
121585.8125
121579.90625
121579.90625
121579.25
121579.0
121573.09375
121573.09375
121572.4375
121572.1875
121566.28125
121566.28125
121565.625
121565.375
121559.46875
121559.46875
121558.8125
121558.5625
121552.65625
121552.65625
121552.65625
121544.53125
121544.53125
121537.03125
121537.03125
121530.15625
121530.15625
121523.90625
121523.90625
121518.28125
121513.15625
121507.28125
121507.28125
121501.90625
121497.03125
121491.15625
121491.15625
121486.03125
121481.40625
121475.53125
121475.53125
121470.65625
121469.40625
121463.40625
121459.15625
121453.28125
121452.53125
121446.78125
121446.78125
121442.40625
121441.65625
121436.65625
121432.90625
121427.03125
121426.78125
121422.03125
121422.03125
121418.15625
121417.90625
121413.90625
121410.65625
121404.78125
121404.53125
121399.40625
121396.28125
121393.90625
121393.65625
121389.03125
121385.90625
121384.03125
121383.78125
121379.65625
121376.53125
121375.15625
121374.90625
121371.28125
121368.15625
121367.28125
121367.03125
121363.90625
121360.78125
121360.40625
121360.15625
121357.53125
121354.40625
121354.28125
121348.28125
121345.65625
121342.78125
121342.65625
121342.40625
121340.28125
121337.40625
121337.03125
121331.03125
121328.90625
121326.28125
121326.15625
121320.15625
121318.03125
121315.65625
121315.53125
121315.28125
121313.65625
121311.28125
121310.90625
121304.90625
121303.28125
121301.15625
121301.03125
121295.03125
121293.40625
121291.53125
121291.40625
121291.40625
121290.0625
121290.0625
121289.46875
121289.46875
121289.3125
121283.625
121283.03125
121283.03125
121281.6875
121281.1875
121280.78125
121275.09375
121273.75
121273.75
121273.65625
121273.65625
121273.3125
121273.3125
121272.40625
121266.71875
121264.875
121263.875
121263.53125
121263.28125
121258.4375
121257.4375
121257.03125
121251.34375
121249.5
121249.0
121248.15625
121247.90625
121243.0625
121242.5625
121242.46875
121242.46875
121241.625
121241.125
121240.78125
121240.53125
121235.25
121230.4375
121230.28125
121219.09375
121214.3125
121209.75
121209.40625
121204.15625
121193.6875
121191.8125
121191.46875
121186.21875
121176.0
121174.375
121174.03125
121168.78125
121158.8125
121157.4375
121157.09375
121151.84375
121142.125
121141.0
121140.65625
121140.65625
121139.1875
121138.0625
121137.90625
121126.96875
121123.1875
121117.875
121117.53125
121117.53125
121116.3125
121114.9375
121114.78125
121109.09375
121107.875
121107.0
121106.65625
121101.65625
121091.6875
121091.0625
121090.71875
121090.71875
121089.75
121089.125
121088.96875
121083.28125
121082.3125
121082.1875
121081.84375
121076.84375
121076.84375
121070.03125
121070.03125
121064.09375
121058.84375
121053.03125
121053.03125
121047.34375
121046.84375
121040.53125
121035.65625
121029.59375
121029.59375
121023.53125
121023.53125
121018.84375
121018.84375
121014.03125
121009.65625
121003.09375
121002.09375
120996.03125
120995.78125
120990.46875
120986.84375
120986.53125
120982.40625
120976.84375
120976.34375
120970.03125
120969.78125
120965.46875
120961.59375
120961.53125
120961.53125
120956.59375
120956.09375
120950.53125
120950.28125
120945.34375
120942.21875
120940.40625
120936.65625
120935.96875
120927.21875
120922.90625
120922.78125
120916.46875
120913.71875
120908.65625
120908.53125
120908.46875
120906.21875
120901.15625
120901.03125
120900.59375
120892.71875
120891.65625
120891.53125
120885.46875
120883.71875
120878.90625
120878.78125
120876.21875
120875.71875
120874.90625
120870.65625
120870.46875
120863.21875
120858.40625
120858.28125
120854.21875
120854.21875
120849.40625
120845.65625
120838.96875
120838.46875
120837.40625
120837.28125
120831.46875
120829.96875
120825.15625
120825.03125
120822.46875
120821.96875
120821.15625
120816.90625
120810.96875
120810.46875
120810.15625
120810.03125
120809.59375
120809.59375
120809.125
120803.5625
120801.53125
120801.53125
120801.5
120801.5
120800.71875
120800.46875
120800.1875
120799.9375
120799.71875
120794.40625
120792.9375
120787.375
120786.09375
120785.84375
120785.5625
120785.3125
120780.03125
120779.28125
120774.1875
120768.75
120766.96875
120761.71875
120755.9375
120755.9375
120754.90625
120754.65625
120750.0625
120745.375
120744.09375
120738.59375
120731.0625
120731.0625
120730.78125
120730.53125
120725.5
120724.5
120723.09375
120715.71875
120713.4375
120713.3125
120708.53125
120706.65625
120705.125
120705.125
120703.96875
120703.34375
120699.0
120687.8125
120686.90625
120686.78125
120682.9375
120676.875
120676.09375
120670.96875
120666.1875
120665.9375
120660.78125
120660.65625
120651.75
120646.875
120636.46875
120631.59375
120629.3125
120629.1875
120624.90625
120623.53125
120620.25
120620.25
120619.59375
120619.46875
120615.6875
120615.1875
120610.59375
120599.90625
120597.875
120597.875
120596.96875
120596.59375
120593.5
120583.5625
120579.46875
120569.03125
120565.75
120565.25
120561.40625
120551.46875
120548.875
120542.3125
120536.8125
120530.8125
120530.8125
120523.4375
120523.4375
120518.1875
120517.9375
120512.0625
120511.8125
120506.5625
120501.9375
120496.1875
120491.4375
120484.4375
120484.1875
120478.3125
120478.0625
120472.8125
120468.5625
120468.4375
120461.0625
120456.8125
120455.9375
120448.1875
120443.8125
120443.3125
120443.0625
120442.9375
120442.0625
120439.8125
120439.1875
120430.9375
120426.3125
120425.3125
120425.0625
120421.8125
120416.1875
120415.1875
120409.3125
120405.1875
120404.0625
120400.5625
120395.9375
120394.0625
120389.1875
120388.0625
120382.0625
120380.9375
120374.6875
120372.4375
120366.6875
120366.0625
120360.0625
120355.8125
120355.3125
120353.5625
120353.5625
120349.6875
120345.1875
120341.4375
120340.8125
120339.0625
120332.0625
120330.5625
120330.0625
120326.5625
120322.4375
120321.8125
120317.6875
120317.0625
120316.8125
120315.9375
120312.3125
120311.4375
120304.8125
120303.8125
120300.1875
120299.3125
120293.3125
120292.9375
120291.4375
120290.1875
120283.5625
120283.0625
120279.4375
120279.0625
120278.9375
120272.9375
120270.9375
120267.6875
120267.6875
120266.46875
120266.21875
120259.25
120259.0
120258.03125
120257.53125
120252.5625
120252.3125
120249.84375
120249.84375
120249.125
120249.125
120248.59375
120243.15625
120237.875
120232.9375
120231.59375
120231.21875
120229.875
120228.0
120226.28125
120225.65625
120224.3125
120219.8125
120207.46875
120202.34375
120196.75
120189.875
120188.15625
120188.03125
120187.9375
120183.4375
120171.84375
120171.84375
120170.75
120169.875
120168.78125
120166.78125
120162.75
120157.4375
120156.09375
120154.84375
120154.625
120154.25
120153.90625
120153.15625
120147.3125
120147.0625
120146.96875
120146.46875
120140.875
120140.625
120129.78125
120129.40625
120122.8125
120122.8125
120122.09375
120121.96875
120117.1875
120111.75
120111.65625
120111.53125
120110.375
120105.0625
120098.71875
120097.96875
120097.9375
120088.0
120082.96875
120076.03125
120074.3125
120074.1875
120068.71875
120068.34375
120063.125
120062.5
120057.65625
120052.40625
120042.5625
120042.5625
120041.59375
120041.46875
120039.25
120034.25
120028.78125
120028.28125
120018.6875
120017.9375
120017.6875
120013.5
120008.5
120008.1875
120007.6875
120004.25
119999.25
119996.5625
119991.1875
119989.125
119983.75
119983.5625
119981.9375
119977.0
119975.375
119973.0625
119973.0625
119967.125
119965.875
119959.0625
119957.6875
119952.0
119951.75
119945.0625
119943.5625
119937.75
119934.625
119929.0625
119928.1875
119923.75
119923.75
119919.5625
119918.8125
119916.25
119914.5
119910.4375
119908.4375
119904.625
119900.375
119899.1875
119894.1875
119889.0
119887.25
119883.8125
119882.9375
119881.875
119874.125
119869.8125
119869.1875
119868.375
119861.125
119860.3125
119856.1875
119851.75
119848.0
119845.4375
119844.9375
119840.875
119837.0
119835.8125
119829.9375
119829.25
119825.75
119823.6875
119819.6875
119818.75
119816.375
119814.3125
119814.1875
119814.0
119811.75
119811.4375
119807.0625
119802.25
119799.75
119794.1875
119790.4375
119790.375
119786.625
119783.0625
119783.0625
119778.75
119776.5
119770.9375
119767.1875
119762.125
119758.375
119757.6875
119752.3125
119746.21875
119741.15625
119731.1875
119731.125
119728.40625
119728.21875
119724.875
119724.4375
119722.84375
119722.78125
119715.0625
119714.5
119710.40625
119705.71875
119703.75
119703.0625
119699.34375
119699.03125
119696.3125
119695.875
119692.65625
119691.59375
119688.875
119687.6875
119685.21875
119684.65625
119683.6875
119683.5
119680.28125
119679.21875
119678.0
119677.6875
119675.96875
119675.65625
119674.8125
119674.75
119669.28125
119667.21875
119660.75
119660.1875
119658.84375
119658.03125
119652.1875
119651.375
119650.15625
119649.96875
119644.875
119644.8125
119643.84375
119642.53125
119635.3125
119634.625
119629.15625
119623.09375
119622.0
119621.6875
119616.09375
119615.90625
119609.9375
119604.375
119598.03125
119591.84375
119590.9375
119590.0625
119583.28125
119583.15625
119583.0625
119578.125
119572.15625
119567.71875
119561.25
119561.0625
119559.84375
119559.65625
119559.25
119559.125
119558.65625
119558.34375
119553.25
119552.3125
119551.21875
119550.15625
119549.9375
119549.875
119543.78125
119539.09375
119533.96875
119532.84375
119526.84375
119525.84375
119520.59375
119515.21875
119510.21875
119508.71875
119501.71875
119501.59375
119495.34375
119490.59375
119485.71875
119482.21875
119482.21875
119480.46875
119475.09375
119473.59375
119467.46875
119464.46875
119460.59375
119459.21875
119453.21875
119451.09375
119445.84375
119444.59375
119439.21875
119437.96875
119434.09375
119432.21875
119427.21875
119426.59375
119422.46875
119420.21875
119415.46875
119412.34375
119406.21875
119405.46875
119403.84375
119398.59375
119394.21875
119391.96875
119387.21875
119384.34375
119380.71875
119377.34375
119373.09375
119370.71875
119367.84375
119367.59375
119366.21875
119357.71875
119357.09375
119351.46875
119349.84375
119347.34375
119340.46875
119339.46875
119332.21875
119329.09375
119328.09375
119323.09375
119318.96875
119315.34375
119313.21875
119304.46875
119302.96875
119298.84375
119298.34375
119294.71875
119293.84375
119293.21875
119288.96875
119287.21875
119284.59375
119275.84375
119272.96875
119268.96875
119264.21875
119263.84375
119259.46875
119258.96875
119257.59375
119254.21875
119247.71875
119244.34375
119244.34375
119243.875
119243.25
119237.65625
119237.40625
119232.9375
119232.3125
119226.46875
119221.96875
119217.5
119217.5
119213.40625
119211.78125
119209.9375
119205.4375
119202.46875
119200.71875
119198.5
119197.875
119194.40625
119194.15625
119192.9375
119192.4375
119189.34375
119188.34375
119186.375
119186.0
119180.78125
119180.53125
119179.3125
119178.5625
119176.84375
119176.46875
119171.25
119171.0
119167.28125
119166.28125
119164.6875
119158.3125
119157.71875
119156.96875
119156.875
119156.5
119153.90625
119152.28125
119151.625
119146.3125
119144.21875
119143.71875
119143.5625
119138.375
119132.59375
119127.53125
119121.3125
119119.8125
119117.96875
119112.59375
119111.625
119109.5
119105.46875
119100.40625
119098.3125
119097.4375
119091.34375
119086.84375
119085.75
119085.625
119075.15625
119074.15625
119069.25
119064.3125
119063.46875
119063.21875
119053.0
119048.0
119047.34375
119041.03125
119035.3125
119034.9375
119034.09375
119029.21875
119022.125
119020.5
119020.03125
119019.28125
119019.28125
119018.71875
119008.46875
119007.65625
119003.28125
118997.71875
118993.21875
118992.78125
118987.28125
118987.09375
118981.09375
118980.40625
118973.90625
118965.71875
118965.34375
118958.03125
118956.90625
118952.46875
118947.71875
118947.65625
118941.53125
118936.59375
118931.59375
118929.90625
118924.65625
118920.46875
118916.96875
118915.03125
118914.53125
118907.59375
118906.96875
118906.28125
118901.90625
118898.96875
118894.84375
118894.78125
118893.28125
118892.09375
118891.46875
118889.65625
118889.15625
118888.96875
118883.84375
118883.65625
118880.28125
118876.09375
118874.84375
118873.90625
118871.15625
118868.71875
118866.46875
118863.65625
118858.90625
118856.84375
118849.96875
118842.65625
118842.40625
118835.46875
118833.46875
118830.65625
118830.28125
118822.96875
118816.96875
118815.78125
118811.90625
118803.09375
118795.21875
118794.15625
118792.78125
118790.09375
118789.21875
118785.03125
118783.53125
118774.46875
118767.96875
118766.90625
118763.03125
118761.21875
118756.71875
118752.03125
118745.28125
118743.96875
118738.59375
118737.15625
118737.03125
118736.375
118731.125
118729.09375
118728.21875
118727.0
118715.3125
118714.78125
118714.65625
118709.25
118709.25
118708.34375
118708.21875
118703.3125
118702.6875
118700.09375
118695.03125
118692.75
118692.0
118687.34375
118686.09375
118682.5625
118682.4375
118680.15625
118678.90625
118678.375
118672.25
118668.46875
118667.34375
118665.6875
118661.0625
118658.28125
118658.15625
118656.875
118651.375
118648.09375
118641.71875
118635.75
118624.0625
118621.21875
118616.90625
118613.25
118607.75
118604.46875
118604.09375
118601.0
118595.6875
118586.53125
118586.40625
118580.875
118576.0
118570.96875
118570.09375
118566.4375
118566.0625
118564.15625
118563.90625
118560.75
118556.5
118552.96875
118552.21875
118549.0625
118547.3125
118544.96875
118539.90625
118535.0
118530.0
118527.09375
118521.84375
118517.5
118510.9375
118509.28125
118506.28125
118504.125
118500.75
118497.46875
118497.34375
118493.3125
118491.8125
118486.65625
118486.28125
118483.625
118483.375
118483.125
118479.125
118478.0
118468.875
118464.25
118462.25
118457.375
118452.5
118446.875
118444.875
118439.625
118435.125
118429.625
118427.75
118420.25
118417.625
118417.5
118414.75
118410.0
118407.25
118401.25
118398.5
118394.25
118392.625
118385.5
118384.125
118381.75
118381.0
118379.75
118379.125
118374.0
118366.625
118366.375
118358.25
118354.75
118350.875
118348.75
118343.5
118341.0
118339.125
118336.875
118332.0
118328.75
118328.75
118327.875
118327.25
118324.5
118319.25
118314.625
118308.5
118306.875
118305.125
118298.875
118293.375
118290.25
118289.625
118282.625
118276.875
118276.0
118267.875
118267.875
118267.375
118263.25
118262.375
118258.25
118257.5
118254.75
118250.25
118250.0
118247.75
118245.125
118243.875
118239.5
118238.25
118237.75
118237.375
118230.375
118229.5
118226.375
118221.25
118221.125
118214.125
118208.125
118205.09375
118204.15625
118202.625
118201.5625
118200.03125
118199.21875
118196.9375
118196.0
118191.46875
118191.03125
118189.875
118189.3125
118187.03125
118185.71875
118182.25
118175.75
118173.71875
118173.65625
118171.125
118169.9375
118165.65625
118165.59375
118163.3125
118162.375
118160.40625
118159.90625
118155.75
118155.6875
118146.90625
118146.71875
118143.5625
118143.125
118140.96875
118139.90625
118136.125
118135.5625
118132.03125
118125.84375
118122.4375
118122.125
118120.09375
118114.15625
118112.125
118106.3125
118101.78125
118101.34375
118097.0625
118096.375
118091.21875
118087.78125
118084.5
118082.9375
118078.90625
118076.21875
118074.6875
118074.125
118072.21875
118071.53125
118069.625
118066.8125
118062.28125
118055.21875
118054.6875
118049.0
118046.71875
118046.53125
118040.375
118035.6875
118030.65625
118028.09375
118022.8125
118017.0
118014.59375
118013.15625
118012.6875
118011.8125
118004.84375
118000.71875
117993.8125
117992.125
117987.625
117986.8125
117982.3125
117982.0
117976.0
117974.5625
117969.0625
117965.0
117957.875
117957.5625
117957.4375
117954.875
117948.875
117947.0625
117940.5625
117935.75
117935.0
117933.1875
117928.8125
117925.25
117921.375
117919.4375
117915.1875
117908.625
117902.625
117897.5625
117895.5625
117889.5
117887.75
117887.6875
117879.0625
117876.125
117871.75
117869.6875
117865.3125
117860.125
117856.0
117851.9375
117850.3125
117847.75
117845.0
117840.9375
117838.4375
117833.0
117830.875
117824.0625
117823.3125
117822.75
117822.75
117821.0625
117820.1875
117816.25
117812.625
117809.6875
117806.8125
117803.375
117798.375
117797.6875
117794.4375
117787.625
117785.875
117782.6875
117779.9375
117776.875
117774.25
117772.5625
117765.3125
117760.875
117759.375
117757.5625
117757.1875
117750.75
117745.0
117741.1875
117739.9375
117730.625
117726.5
117726.0625
117719.3125
117715.375
117715.25
117711.59375
117710.21875
117708.1875
117707.3125
117704.53125
117703.90625
117699.5
117693.875
117683.84375
117683.59375
117681.4375
117680.1875
117676.40625
117675.90625
117674.125
117670.5
117667.09375
117666.71875
117664.3125
117664.1875
117658.65625
117658.40625
117655.0
117649.875
117648.78125
117644.59375
117639.4375
117638.4375
117636.65625
117630.53125
117628.5
117628.25
117627.65625
117622.96875
117620.4375
117620.1875
117618.53125
117612.15625
117609.875
117608.25
117607.15625
117601.46875
117597.8125
117596.6875
117591.96875
117582.03125
117579.375
117575.0
117570.78125
117565.96875
117564.0625
117562.4375
117557.78125
117557.65625
117554.0
117553.125
117548.09375
117544.96875
117543.25
117535.8125
117527.28125
117526.40625
117523.5625
117517.125
117512.84375
117512.21875
117509.6875
117505.3125
117501.15625
117501.03125
117497.875
117496.375
117492.84375
117492.84375
117488.3125
117487.4375
117484.40625
117483.15625
117482.53125
117482.28125
117482.15625
117474.03125
117473.40625
117471.15625
117466.40625
117464.15625
117458.90625
117455.65625
117448.28125
117446.78125
117441.40625
117438.78125
117432.90625
117428.90625
117427.78125
117424.78125
117421.03125
117418.40625
117412.53125
117410.90625
117403.90625
117399.53125
117399.28125
117399.03125
117397.28125
117394.53125
117389.90625
117388.28125
117387.03125
117384.78125
117382.90625
117373.90625
117368.65625
117365.53125
117362.15625
117359.90625
117357.03125
117356.03125
117347.65625
117343.15625
117342.40625
117339.78125
117338.28125
117333.53125
117328.40625
117327.53125
117324.53125
117323.78125
117321.03125
117320.65625
117318.15625
117310.65625
117309.65625
117307.90625
117302.65625
117300.03125
117295.53125
117295.53125
117286.53125
117285.65625
117277.65625
117275.15625
117275.03125
117272.65625
117269.15625
117267.78125
117266.03125
117261.15625
117256.78125
117256.15625
117248.90625
117243.90625
117240.15625
117239.28125
117238.40625
117233.78125
117224.40625
117223.4375
117217.9375
117212.84375
117206.09375
117204.3125
117203.125
117198.96875
117198.78125
117197.125
117196.8125
117192.15625
117191.46875
117188.4375
117187.5
117186.78125
117181.65625
117178.25
117176.4375
117173.15625
117172.09375
117169.3125
117168.75
117166.15625
117159.28125
117157.5
117150.3125
117147.15625
117146.71875
117144.625
117137.25
117134.09375
117132.15625
117129.125
117128.9375
117126.03125
117125.46875
117119.4375
117119.125
117114.21875
117112.65625
117111.875
117106.8125
117105.03125
117104.46875
117098.6875
117096.375
117090.96875
117090.40625
117084.25
117079.5625
117073.53125
117072.96875
117067.625
117062.25
117060.46875
117058.15625
117058.125
117055.1875
117054.09375
117050.21875
117049.0
117044.25
117043.71875
117036.53125
117034.625
117032.6875
117029.90625
117027.84375
117026.5
117024.125
117022.96875
117021.15625
117020.8125
117012.8125
117009.96875
117006.09375
117001.34375
116998.28125
116998.03125
116994.21875
116993.46875
116989.03125
116983.28125
116980.46875
116975.96875
116971.03125
116964.40625
116960.96875
116955.71875
116954.03125
116946.78125
116944.59375
116942.96875
116939.78125
116934.53125
116932.21875
116926.96875
116925.53125
116920.40625
116918.71875
116918.34375
116914.90625
116914.15625
116911.21875
116903.59375
116903.40625
116901.03125
116898.21875
116892.59375
116888.90625
116884.40625
116883.84375
116883.34375
116873.53125
116871.28125
116871.09375
116870.96875
116870.78125
116865.28125
116862.59375
116856.96875
116856.78125
116856.40625
116856.09375
116849.21875
116848.03125
116846.65625
116846.09375
116845.84375
116842.28125
116842.03125
116839.09375
116831.71875
116830.65625
116827.03125
116824.09375
116821.09375
116817.90625
116816.40625
116814.96875
116813.34375
116808.53125
116803.78125
116801.34375
116798.46875
116794.65625
116792.78125
116787.21875
116785.96875
116784.90625
116781.15625
116775.71875
116775.59375
116772.4375
116766.5625
116762.34375
116757.03125
116752.5
116751.25
116748.21875
116746.34375
116745.0625
116744.8125
116741.90625
116741.28125
116739.9375
116734.5
116730.90625
116725.71875
116723.8125
116722.9375
116722.03125
116721.28125
116718.6875
116714.125
116711.21875
116706.59375
116701.3125
116696.0625
116694.03125
116692.15625
116689.4375
116686.125
116682.96875
116682.71875
116682.6875
116679.6875
116676.40625
116675.78125
116672.0625
116672.0
116664.15625
116659.84375
116650.1875
116644.8125
116637.40625
116637.15625
116635.0625
116633.125
116627.40625
116621.59375
116621.4375
116616.0625
116608.90625
116608.15625
116607.5625
116603.75
116597.21875
116592.34375
116589.1875
116587.4375
116587.09375
116582.40625
116581.0
116575.25
116568.84375
116568.71875
116566.8125
116566.4375
116563.34375
116558.53125
116557.25
116556.25
116551.21875
116548.96875
116544.375
116540.0625
116539.5625
116535.5625
116534.6875
116531.0625
116530.0625
116527.1875
116520.9375
116516.3125
116510.8125
116507.9375
116504.3125
116504.3125
116500.8125
116498.5625
116497.5625
116496.3125
116494.9375
116493.3125
116488.0625
116487.3125
116484.4375
116479.9375
116479.9375
116469.9375
116465.0625
116460.9375
116460.1875
116458.0625
116451.0625
116447.5625
116446.5625
116444.9375
116439.0625
116437.1875
116429.9375
116428.3125
116421.0625
116414.5625
116414.4375
116412.6875
116409.1875
116406.8125
116406.5625
116403.5625
116395.6875
116391.5625
116390.5625
116387.0625
116379.8125
116378.0625
116369.9375
116366.5625
116362.1875
116361.9375
116360.6875
116356.8125
116355.6875
116349.4375
116346.3125
116343.3125
116343.1875
116339.8125
116339.1875
116337.9375
116331.6875
116330.8125
116326.6875
116322.5625
116322.0625
116316.4375
116311.1875
116308.6875
116302.8125
116298.0625
116292.9375
116289.59375
116284.71875
116281.75
116277.0
116275.96875
116275.53125
116272.375
116271.4375
116270.28125
116266.34375
116264.0625
116262.375
116258.28125
116254.40625
116252.6875
116249.0625
116246.65625
116244.09375
116238.0625
116235.875
116234.09375
116232.03125
116227.625
116225.9375
116220.40625
116219.84375
116213.8125
116210.75
116205.53125
116199.90625
116199.25
116197.6875
116197.34375
116192.46875
116192.1875
116190.75
116184.28125
116181.15625
116180.0
116178.1875
116172.03125
116171.96875
116165.6875
116163.25
116158.53125
116155.90625
116151.3125
116151.1875
116149.53125
116145.84375
116145.8125
116143.0
116135.21875
116130.65625
116130.25
116128.0625
116127.53125
116124.46875
116118.5
116115.5
116111.09375
116108.78125
116107.6875
116098.6875
116096.90625
116088.21875
116083.5
116079.0
116077.21875
116076.28125
116074.875
116074.0625
116068.5625
116065.75
116064.125
116062.8125
116061.9375
116061.875
116061.625
116056.0625
116050.6875
116047.875
116047.75
116047.6875
116038.0625
116031.25
116026.375
116022.9375
116022.9375
116015.0
116009.375
116006.4375
116002.5625
115999.25
115993.375
115989.9375
115988.3125
115979.125
115978.25
115976.4375
115973.3125
115971.0
115968.625
115962.3125
115953.3125
115951.625
115951.0
115948.9375
115941.6875
115938.5
115938.25
115936.8125
115936.1875
115928.125
115926.625
115923.3125
115916.5625
115914.375
115912.0
115907.6875
115902.3125
115892.625
115892.375
115890.0625
115883.1875
115880.375
115875.0
115874.4375
115873.9375
115869.125
115863.0
115858.5625
115852.6875
115850.625
115850.375
115843.9375
115836.9375
115834.5
115833.125
115830.3125
115829.1875
115824.5
115820.375
115819.3125
115818.8125
115810.78125
115810.03125
115801.375
115793.625
115786.71875
115786.71875
115784.8125
115784.5625
115782.65625
115780.28125
115775.875
115774.75
115772.84375
115772.46875
115771.5625
115771.5625
115771.34375
115766.15625
115764.75
115763.75
115760.96875
115759.71875
115757.6875
115756.3125
115749.03125
115748.28125
115741.375
115739.375
115738.84375
115737.59375
115736.3125
115735.8125
115726.90625
115726.40625
115720.875
115718.0
115715.65625
115709.34375
115706.8125
115705.6875
115702.96875
115697.40625
115690.375
115688.25
115686.46875
115681.84375
115678.75
115674.5625
115671.34375
115660.65625
115659.375
115658.875
115658.15625
115646.09375
115641.875
115638.9375
115637.03125
115636.03125
115633.25
115633.25
115632.46875
115625.59375
115619.1875
115618.3125
115615.09375
115608.15625
115606.4375
115602.25
115599.46875
115598.46875
115593.46875
115592.84375
115591.71875
115586.84375
115580.34375
115578.96875
115572.09375
115568.71875
115566.21875
115563.21875
115558.59375
115554.71875
115548.84375
115548.59375
115548.21875
115542.96875
115540.21875
115538.09375
115537.34375
115532.71875
115522.59375
115519.84375
115513.96875
115511.84375
115510.59375
115507.84375
115504.59375
115503.09375
115497.59375
115494.84375
115491.21875
115488.84375
115488.34375
115485.71875
115480.71875
115477.09375
115470.96875
115468.46875
115466.59375
115463.84375
115455.34375
115453.84375
115453.09375
115450.46875
115444.46875
115442.59375
115441.71875
115440.96875
115439.21875
115431.59375
115430.71875
115426.34375
115425.96875
115421.21875
115416.21875
115415.21875
115411.59375
115408.71875
115404.71875
115403.84375
115400.46875
115397.96875
115396.84375
115393.21875
115386.96875
115386.84375
115386.59375
115384.46875
115383.84375
115378.96875
115378.84375
115375.375
115371.25
115368.53125
115368.53125
115367.875
115360.1875
115354.84375
115353.46875
115350.875
115350.875
115349.65625
115346.53125
115340.6875
115340.0625
115337.90625
115334.71875
115329.4375
115324.0
115323.28125
115321.65625
115320.0625
115320.0625
115312.71875
115308.96875
115308.375
115306.25
115304.84375
115298.40625
115298.375
115295.4375
115294.71875
115286.84375
115285.125
115282.0
115281.15625
115279.28125
115271.875
115268.9375
115268.21875
115266.59375
115263.625
115259.5
115256.46875
115254.28125
115249.375
115248.8125
115246.78125
115245.46875
115239.3125
115237.75
115237.09375
115231.65625
115230.75
115228.6875
115222.40625
115218.46875
115217.4375
115217.125
115215.21875
115210.78125
115208.625
115202.8125
115202.15625
115197.59375
115197.1875
115194.5
115192.96875
115190.78125
115189.78125
115188.71875
115185.59375
115182.78125
115181.90625
115172.59375
115166.59375
115164.78125
115161.40625
115158.21875
115152.34375
115148.40625
115146.15625
115144.96875
115142.34375
115137.15625
115136.78125
115132.34375
115131.09375
115127.40625
115122.65625
115120.34375
115118.96875
115116.78125
115112.90625
115111.46875
115110.59375
115102.03125
115099.03125
115091.09375
115086.34375
115083.15625
115082.28125
115080.84375
115076.21875
115074.03125
115067.90625
115067.46875
115061.21875
115060.40625
115057.90625
115054.34375
115053.71875
115051.65625
115050.28125
115046.34375
115042.71875
115039.53125
115038.40625
115035.09375
115030.21875
115027.78125
115027.03125
115016.59375
115009.96875
115008.40625
115003.90625
115002.09375
114997.96875
114995.15625
114986.53125
114985.09375
114982.09375
114980.65625
114977.28125
114972.34375
114966.34375
114963.78125
114958.28125
114954.3125
114949.375
114948.53125
114946.46875
114944.4375
114943.1875
114939.15625
114937.90625
114937.1875
114934.875
114927.34375
114925.34375
114922.3125
114919.8125
114918.28125
114910.15625
114906.8125
114902.5
114901.53125
114898.09375
114895.4375
114890.6875
114887.65625
114885.28125
114884.75
114881.625
114879.46875
114878.09375
114877.5625
114873.9375
114870.46875
114863.03125
114860.4375
114857.625
114856.96875
114849.46875
114848.8125
114848.0625
114841.90625
114838.28125
114838.25
114836.5
114833.59375
114827.59375
114826.6875
114822.6875
114822.46875
114822.03125
114821.1875
114816.625
114816.34375
114814.96875
114811.0625
114810.4375
114805.90625
114804.15625
114803.25
114802.375
114799.46875
114798.84375
114795.375
114788.8125
114782.90625
114781.28125
114777.5625
114776.75
114772.25
114768.375
114765.25
114761.625
114760.875
114756.75
114753.0
114751.5
114751.0
114747.5
114745.375
114744.625
114739.125
114737.75
114730.5
114727.25
114726.0
114720.875
114718.0
114712.5
114710.375
114708.375
114706.25
114704.375
114698.625
114696.25
114689.25
114685.875
114681.125
114680.125
114672.5
114668.125
114660.375
114655.5
114652.625
114646.75
114646.0
114641.875
114637.75
114636.25
114628.875
114626.0
114618.625
114615.875
114615.5
114613.625
114611.0
114602.375
114597.125
114592.375
114592.25
114589.0
114585.25
114583.125
114579.5
114575.75
114573.125
114572.0
114571.0
114569.375
114562.75
114561.375
114561.375
114560.875
114559.5
114556.5
114556.125
114555.15625
114553.78125
114551.75
114546.9375
114544.59375
114542.34375
114535.625
114532.875
114531.34375
114520.28125
114518.875
114512.8125
114512.46875
114510.59375
114509.375
114504.25
114503.09375
114499.15625
114494.25
114488.9375
114488.21875
114484.96875
114479.25
114478.25
114477.21875
114475.65625
114474.1875
114471.4375
114470.46875
114469.84375
114469.5625
114468.125
114463.71875
114461.78125
114461.25
114458.5625
114453.78125
114451.34375
114444.5
114443.125
114441.65625
114435.65625
114430.5
114429.0625
114422.46875
114416.96875
114416.3125
114414.25
114413.15625
114406.78125
114405.9375
114400.9375
114399.28125
114394.21875
114393.0
114389.625
114379.28125
114374.78125
114373.0625
114371.1875
114365.84375
114364.46875
114355.625
114346.625
114346.375
114343.4375
114337.1875
114333.625
114333.5
114331.8125
114328.9375
114326.375
114325.375
114322.1875
114319.9375
114311.25
114306.5
114303.3125
114299.3125
114295.875
114291.0
114290.0625
114289.1875
114285.375
114284.875
114278.5625
114275.3125
114272.625
114272.0
114265.6875
114261.4375
114257.375
114253.5
114248.0625
114246.5625
114239.375
114238.875
114232.8125
114225.4375
114224.125
114222.125
114221.4375
114215.0625
114202.125
114201.5
114196.9375
114192.5625
114191.125
114180.25
114179.5625
114174.0625
114172.0
114168.625
114165.9375
114163.0625
114154.25
114152.625
114146.1875
114144.5625
114137.0
114131.375
114125.9375
114123.0625
114118.5
114112.625
114112.4375
114111.8125
114105.0
114099.375
114096.65625
114095.09375
114092.5625
114088.4375
114086.59375
114081.65625
114080.875
114076.875
114068.28125
114068.21875
114067.4375
114063.0625
114062.28125
114056.53125
114054.4375
114052.125
114046.84375
114041.84375
114041.75
114039.3125
114037.90625
114029.03125
114027.1875
114026.0
114024.03125
114023.71875
114016.0
114015.5625
114015.34375
114012.03125
114006.5625
114001.375
113999.40625
113998.71875
113993.4375
113988.1875
113983.46875
113975.78125
113973.3125
113971.25
113970.84375
113965.59375
113963.5
113960.9375
113956.34375
113948.90625
113948.3125
113947.25
113946.21875
113941.96875
113937.625
113936.9375
113935.96875
113934.15625
113933.875
113926.125
113924.15625
113923.96875
113922.0
113916.4375
113910.84375
113908.90625
113904.53125
113900.65625
113895.28125
113893.78125
113892.90625
113889.90625
113888.90625
113886.90625
113886.78125
113881.78125
113881.53125
113871.78125
113870.28125
113865.53125
113865.53125
113858.78125
113857.28125
113853.03125
113851.78125
113844.03125
113837.53125
113837.15625
113833.40625
113827.78125
113818.78125
113814.15625
113811.15625
113806.90625
113801.53125
113797.03125
113795.15625
113786.78125
113783.78125
113782.15625
113781.90625
113780.90625
113777.28125
113771.65625
113770.03125
113765.78125
113765.15625
113756.65625
113753.40625
113749.28125
113741.78125
113738.03125
113737.90625
113726.15625
113724.90625
113723.78125
113722.90625
113714.65625
113710.53125
113707.78125
113704.28125
113697.53125
113691.15625
113686.78125
113684.15625
113679.53125
113679.28125
113678.40625
113677.40625
113674.9375
113672.6875
113670.90625
113664.96875
113657.5
113653.75
113651.78125
113647.53125
113646.4375
113644.1875
113640.65625
113635.59375
113630.5
113629.625
113627.03125
113620.53125
113618.625
113613.4375
113611.59375
113611.09375
113610.1875
113602.875
113598.78125
113597.03125
113595.6875
113595.4375
113593.71875
113589.71875
113588.25
113585.25
113583.59375
113575.78125
113575.5625
113575.5625
113573.53125
113570.46875
113559.875
113559.75
113557.65625
113556.28125
113551.4375
113547.9375
113546.46875
113544.96875
113537.875
113537.375
113536.03125
113533.40625
113532.3125
113531.1875
113523.09375
113518.71875
113513.0
113510.125
113509.65625
113507.28125
113506.9375
113503.5625
113501.65625
113494.21875
113492.46875
113487.90625
113482.78125
113482.46875
113479.21875
113475.03125
113471.40625
113463.59375
113461.09375
113453.65625
113452.53125
113451.34375
113451.34375
113449.90625
113444.53125
113443.84375
113443.21875
113437.90625
113436.53125
113435.09375
113433.34375
113423.15625
113416.40625
113413.46875
113403.59375
113402.03125
113399.03125
113398.46875
113389.84375
113382.15625
113379.90625
113374.09375
113373.59375
113372.15625
113368.15625
113366.84375
113362.59375
113362.53125
113349.28125
113349.09375
113339.09375
113335.03125
113334.03125
113333.46875
113332.71875
113327.03125
113317.78125
113314.84375
113310.09375
113308.03125
113303.78125
113296.46875
113291.71875
113290.03125
113285.28125
113279.46875
113274.84375
113274.78125
113273.03125
113270.96875
113263.09375
113258.1875
113254.6875
113253.15625
113246.03125
113243.5
113242.875
113238.71875
113237.96875
113234.625
113230.8125
113229.34375
113222.78125
113219.75
113219.5
113214.34375
113208.71875
113207.75
113200.4375
113200.40625
113200.40625
113196.75
113194.5
113190.09375
113186.84375
113184.0625
113183.4375
113183.21875
113175.03125
113174.625
113169.875
113166.34375
113163.34375
113160.5625
113160.5625
113156.78125
113154.28125
113149.625
113148.5
113147.96875
113146.59375
113142.875
113141.4375
113130.15625
113128.03125
113127.25
113126.625
113124.96875
113124.21875
113121.25
113116.0625
113109.78125
113108.03125
113103.375
113102.125
113101.84375
113094.96875
113094.875
113081.3125
113077.9375
113075.9375
113072.9375
113066.3125
113065.9375
113063.4375
113057.1875
113052.4375
113049.5625
113046.3125
113043.9375
113043.5625
113042.3125
113041.4375
113031.6875
113024.9375
113024.1875
113020.3125
113019.6875
113019.5625
113019.4375
113012.6875
113011.8125
113008.6875
113005.6875
113004.3125
113003.9375
112996.0625
112991.6875
112985.6875
112978.6875
112975.1875
112971.0625
112970.0625
112967.8125
112964.8125
112964.5625
112961.9375
112955.6875
112955.3125
112951.0625
112945.3125
112939.5625
112937.5625
112924.8125
112924.3125
112922.8125
112920.5625
112913.4375
112910.4375
112910.0625
112906.4375
112902.0625
112900.8125
112897.3125
112893.8125
112888.6875
112887.9375
112886.6875
112884.90625
112879.71875
112877.625
112874.25
112870.40625
112868.65625
112867.9375
112866.8125
112864.03125
112861.84375
112859.375
112853.125
112846.78125
112846.65625
112837.6875
112834.9375
112826.96875
112824.46875
112823.0
112822.625
112817.03125
112812.03125
112804.8125
112802.6875
112798.46875
112797.09375
112795.5
112795.0
112791.28125
112789.15625
112787.25
112782.8125
112776.59375
112776.46875
112774.5
112772.625
112770.15625
112764.78125
112758.6875
112755.1875
112751.21875
112749.84375
112747.8125
112742.125
112729.34375
112724.78125
112720.4375
112718.9375
112712.84375
112711.34375
112708.5
112707.625
112705.03125
112699.53125
112696.3125
112695.8125
112692.4375
112689.25
112688.625
112688.0625
112679.4375
112671.75
112670.875
112666.8125
112663.0625
112657.75
112655.75
112652.9375
112652.4375
112642.125
112635.5
112634.5625
112633.3125
112623.5
112615.75
112614.4375
112607.5625
112605.625
112602.75
112601.1875
112593.9375
112592.75
112588.375
112584.8125
112583.9375
112582.75
112576.75
112572.4375
112567.6875
112563.875
112560.5
112556.4375
112549.6875
112546.5
112542.625
112537.0625
112535.9375
112529.25
112520.5
112518.9375
112516.4375
112512.875
112512.0
112511.1875
112507.1875
112495.25
112492.75
112486.6875
112483.8125
112476.875
112475.5
112466.8125
112465.4375
112464.34375
112459.03125
112458.6875
112455.25
112451.03125
112448.34375
112447.375
112445.9375
112442.65625
112438.40625
112436.125
112433.125
112430.28125
112428.84375
112427.125
112425.8125
112423.96875
112423.40625
112418.1875
112416.625
112411.65625
112411.59375
112404.75
112402.0625
112399.65625
112396.78125
112395.1875
112394.625
112389.46875
112386.96875
112386.0625
112382.5625
112381.21875
112380.65625
112379.5625
112377.75
112371.71875
112370.34375
112365.5
112357.3125
112354.28125
112349.78125
112347.625
112342.5
112341.03125
112338.84375
112335.0
112333.1875
112327.96875
112323.65625
112321.25
112316.875
112315.65625
112309.84375
112308.96875
112307.71875
112296.46875
112295.71875
112292.59375
112288.21875
112285.34375
112281.71875
112280.21875
112275.46875
112272.96875
112271.84375
112267.71875
112264.96875
112262.46875
112261.09375
112253.09375
112245.96875
112244.96875
112243.71875
112241.21875
112233.21875
112230.21875
112224.09375
112223.71875
112223.21875
112222.34375
112216.21875
112216.21875
112206.84375
112206.59375
112205.34375
112202.09375
112198.21875
112191.09375
112189.46875
112188.84375
112187.59375
112185.96875
112183.84375
112176.84375
112175.71875
112175.46875
112173.84375
112171.46875
112167.59375
112163.59375
112161.71875
112154.59375
112150.59375
112150.21875
112145.84375
112143.96875
112139.84375
112134.21875
112131.4375
112125.0
112124.65625
112122.15625
112121.375
112119.4375
112109.40625
112107.96875
112099.1875
112094.125
112090.34375
112088.78125
112088.625
112088.1875
112085.15625
112081.21875
112079.875
112071.875
112069.96875
112069.15625
112066.9375
112065.6875
112064.71875
112050.84375
112048.5625
112040.75
112040.15625
112032.15625
112028.0625
112023.6875
112017.40625
112015.71875
112015.6875
112015.25
112005.09375
112000.40625
111994.5
111991.3125
111987.53125
111983.46875
111970.1875
111964.625
111956.09375
111955.40625
111953.625
111946.3125
111944.90625
111944.34375
111938.375
111938.375
111925.53125
111922.78125
111915.90625
111912.09375
111910.21875
111902.65625
111900.03125
111899.96875
111898.46875
111890.40625
111887.28125
111883.84375
111881.09375
111878.28125
111875.15625
111873.21875
111867.09375
111863.15625
111858.15625
111858.09375
111853.09375
111848.78125
111847.90625
111835.84375
111832.21875
111830.28125
111827.65625
111821.59375
111819.34375
111818.28125
111817.65625
111816.59375
111816.34375
111816.28125
111815.15625
111814.71875
111812.21875
111810.40625
111806.40625
111804.71875
111800.84375
111796.03125
111788.28125
111786.96875
111785.59375
111784.53125
111778.90625
111778.71875
111778.59375
111775.15625
111769.90625
111769.21875
111765.09375
111763.65625
111762.40625
111762.1875
111758.25
111756.78125
111749.59375
111749.0625
111748.4375
111742.15625
111739.78125
111738.25
111732.75
111730.21875
111724.71875
111722.3125
111721.4375
111718.65625
111713.53125
111708.0
111706.5
111704.34375
111700.21875
111698.0625
111694.0625
111688.03125
111686.40625
111677.375
111676.875
111674.78125
111666.84375
111661.3125
111659.5625
111652.65625
111648.65625
111647.875
111643.875
111638.84375
111638.21875
111636.1875
111635.0625
111632.90625
111631.28125
111625.375
111625.25
111620.96875
111617.71875
111604.5625
111604.4375
111603.96875
111603.65625
111592.8125
111587.25
111584.875
111578.375
111577.5
111573.875
111570.625
111560.25
111559.125
111556.0
111553.5
111552.875
111551.875
111547.5
111541.25
111537.625
111530.0
111529.375
111528.625
111527.25
111523.375
111522.5
111520.875
111516.625
111513.25
111513.25
111505.875
111503.25
111497.875
111495.375
111494.75
111485.25
111483.25
111482.875
111476.0
111475.25
111472.625
111469.5
111463.5
111459.5
111454.375
111451.125
111450.875
111449.25
111448.625
111447.0
111445.5
111444.0
111443.125
111434.375
111429.375
111429.375
111424.375
111423.53125
111420.28125
111419.0
111417.0625
111410.90625
111404.59375
111402.0
111396.0
111393.15625
111391.78125
111389.0625
111388.9375
111384.71875
111383.96875
111376.875
111375.5
111374.28125
111373.28125
111371.75
111365.5625
111360.34375
111359.21875
111359.0
111358.0
111356.15625
111355.40625
111354.75
111350.5625
111341.71875
111334.46875
111330.0
111328.0
111327.96875
111324.15625
111323.9375
111323.8125
111321.21875
111317.71875
111311.25
111308.5
111307.46875
111297.40625
111296.8125
111295.1875
111292.71875
111290.21875
111288.375
111285.125
111281.125
111279.8125
111278.9375
111272.5
111271.25
111270.1875
111267.6875
111258.875
111258.375
111257.0625
111255.1875
111247.0
111244.125
111240.1875
111233.9375
111230.875
111227.375
111219.9375
111218.9375
111215.375
111210.875
111208.5625
111207.1875
111201.75
111200.375
111194.6875
111187.4375
111183.5
111180.625
111178.4375
111174.0625
111171.5
111167.5
111166.9375
111162.9375
111161.625
111160.0
111153.5625
111152.4375
111142.125
111138.625
111128.5625
111127.1875
111121.875
111119.625
111118.5625
111115.1875
111114.0
111112.375
111111.71875
111106.34375
111103.125
111102.3125
111098.59375
111092.40625
111083.125
111079.875
111078.46875
111076.84375
111074.4375
111071.8125
111067.40625
111065.03125
111062.0625
111052.375
111049.34375
111047.84375
111045.75
111038.4375
111034.53125
111033.40625
111030.5
111029.5
111022.71875
111021.46875
111018.3125
111008.6875
111005.53125
110999.90625
110999.125
110993.0
110988.59375
110984.09375
110983.9375
110983.5625
110980.03125
110975.28125
110975.25
110973.625
110965.21875
110964.96875
110960.875
110959.5625
110954.96875
110943.90625
110942.40625
110939.15625
110938.65625
110937.28125
110924.15625
110921.15625
110919.53125
110918.78125
110915.03125
110914.90625
110914.78125
110910.78125
110905.65625
110901.78125
110900.40625
110900.15625
110897.78125
110889.90625
110889.53125
110888.28125
110886.90625
110884.40625
110875.40625
110875.03125
110872.78125
110870.90625
110866.65625
110866.40625
110863.53125
110851.40625
110850.40625
110844.03125
110840.53125
110830.53125
110822.15625
110820.78125
110818.65625
110815.15625
110808.90625
110805.40625
110804.78125
110798.90625
110796.03125
110787.15625
110786.65625
110770.28125
110766.15625
110757.25
110756.4375
110756.15625
110752.09375
110749.3125
110745.0
110734.71875
110728.03125
110727.0625
110723.0625
110721.28125
110719.59375
110712.5625
110708.75
110705.59375
110702.28125
110699.875
110699.4375
110699.15625
110696.46875
110694.1875
110689.5
110680.96875
110672.78125
110665.625
110665.3125
110662.40625
110660.96875
110658.125
110653.0
110650.21875
110648.65625
110647.5625
110644.0625
110642.03125
110638.84375
110633.6875
110632.5
110629.09375
110626.90625
110625.25
110623.8125
110622.28125
110621.96875
110621.46875
110620.90625
110616.65625
110613.46875
110606.21875
110605.28125
110599.90625
110596.09375
110595.34375
110585.90625
110581.90625
110581.46875
110573.09375
110572.53125
110571.15625
110569.96875
110565.34375
110563.53125
110554.90625
110554.84375
110554.84375
110551.78125
110544.90625
110543.09375
110537.96875
110536.15625
110531.28125
110527.34375
110519.46875
110518.53125
110517.03125
110513.46875
110511.84375
110502.65625
110496.03125
110495.34375
110492.34375
110489.90625
110489.28125
110481.84375
110476.59375
110475.53125
110475.15625
110467.59375
110465.21875
110463.75
110461.8125
110452.71875
110445.53125
110443.375
110441.125
110436.34375
110431.71875
110431.0625
110424.8125
110422.90625
110420.90625
110412.5
110410.625
110405.09375
110404.59375
110402.25
110398.4375
110387.28125
110385.53125
110383.125
110381.875
110381.84375
110379.09375
110369.6875
110365.8125
110364.84375
110362.90625
110359.9375
110355.5
110348.59375
110346.34375
110343.8125
110341.3125
110340.78125
110336.15625
110331.5
110323.875
110321.46875
110314.46875
110310.0625
110309.3125
110304.9375
110304.3125
110298.6875
110296.4375
110295.4375
110294.0625
110280.3125
110276.1875
110267.5625
110264.4375
110259.0625
110255.3125
110250.4375
110243.6875
110243.1875
110242.8125
110239.9375
110237.1875
110231.3125
110227.9375
110227.1875
110226.9375
110223.3125
110220.1875
110212.1875
110207.8125
110206.1875
110202.3125
110201.6875
110201.5625
110199.9375
110197.4375
110195.1875
110193.9375
110187.0625
110186.4375
110178.8125
110177.9375
110171.6875
110171.3125
110167.0625
110166.3125
110165.0625
110157.09375
110156.71875
110156.6875
110153.125
110147.65625
110147.40625
110144.0625
110133.1875
110129.46875
110125.71875
110125.0625
110123.25
110116.03125
110113.65625
110112.5
110101.8125
110099.65625
110097.09375
110091.25
110089.5
110086.78125
110083.78125
110079.4375
110072.3125
110064.65625
110055.71875
110051.875
110051.0
110045.96875
110034.28125
110026.5625
110024.6875
110018.09375
110014.46875
110013.125
110003.375
110000.40625
109990.53125
109989.0625
109986.3125
109980.0625
109977.875
109976.25
109969.5625
109969.0625
109966.125
109963.875
109960.0625
109953.8125
109953.625
109946.625
109942.9375
109940.3125
109939.625
109939.0
109938.9375
109931.5625
109928.875
109925.125
109917.0625
109914.9375
109913.5
109909.0
109906.5625
109903.6875
109899.0
109896.375
109893.6875
109883.8125
109877.375
109875.75
109872.6875
109870.0625
109860.25
109858.25
109857.1875
109849.3125
109849.25
109848.875
109847.0625
109846.1875
109844.71875
109843.65625
109843.0625
109835.375
109831.96875
109830.09375
109825.9375
109825.4375
109821.65625
109820.65625
109818.375
109815.75
109808.21875
109801.71875
109800.0625
109798.9375
109795.78125
109793.15625
109791.6875
109791.25
109785.40625
109777.34375
109774.5625
109772.9375
109767.90625
109764.28125
109764.0
109761.25
109758.71875
109753.21875
109751.5
109748.0625
109741.15625
109739.78125
109736.75
109732.875
109727.53125
109716.46875
109709.46875
109707.46875
109706.46875
109701.71875
109700.09375
109700.09375
109696.09375
109694.21875
109691.21875
109687.71875
109683.96875
109680.46875
109676.71875
109674.71875
109670.34375
109666.96875
109666.71875
109664.34375
109662.59375
109655.21875
109652.84375
109648.84375
109639.21875
109635.84375
109630.46875
109627.59375
109626.09375
109624.96875
109621.96875
109611.09375
109610.71875
109608.21875
109604.09375
109595.21875
109590.21875
109589.21875
109584.59375
109571.71875
109566.96875
109564.5625
109561.625
109560.03125
109552.28125
109549.9375
109545.1875
109543.09375
109537.21875
109534.375
109528.875
109528.78125
109521.65625
109517.5625
109516.5625
109512.21875
109505.34375
109502.0
109499.5
109498.46875
109494.90625
109494.3125
109491.1875
109484.59375
109478.84375
109476.875
109470.25
109469.53125
109468.03125
109466.5625
109461.3125
109458.84375
109458.09375
109455.5
109447.25
109440.53125
109438.03125
109430.40625
109423.09375
109419.71875
109411.40625
109406.28125
109405.96875
109400.21875
109394.40625
109392.65625
109385.96875
109385.59375
109378.65625
109372.03125
109371.96875
109369.46875
109368.53125
109368.40625
109367.96875
109366.21875
109356.28125
109353.90625
109347.21875
109343.96875
109332.78125
109329.15625
109327.59375
109322.09375
109318.15625
109316.28125
109313.09375
109308.59375
109307.78125
109300.15625
109297.59375
109293.71875
109291.15625
109286.53125
109284.1875
109277.625
109271.21875
109265.84375
109264.4375
109260.4375
109258.03125
109255.28125
109251.75
109248.375
109244.59375
109240.84375
109229.8125
109228.5625
109226.84375
109223.15625
109220.5625
109213.375
109211.09375
109210.34375
109208.125
109202.3125
109201.03125
109200.65625
109199.6875
109197.125
109192.09375
109189.84375
109186.1875
109183.3125
109175.65625
109175.03125
109166.0
109164.75
109161.0
109158.375
109157.5
109148.125
109147.625
109145.375
109144.0
109143.375
109139.875
109139.75
109128.75
109125.375
109121.125
109117.125
109115.25
109109.125
109097.0
109094.875
109093.375
109088.25
109083.25
109074.0
109072.5
109069.125
109063.375
109059.625
109051.0
109041.875
109041.25
109033.0
109029.0
109027.125
109024.25
109022.25
109020.75
109020.40625
109018.78125
109017.5
109016.8125
109000.65625
108994.59375
108988.25
108988.0
108987.84375
108983.28125
108982.1875
108981.1875
108979.96875
108978.59375
108978.4375
108973.75
108971.34375
108963.90625
108962.1875
108961.1875
108959.15625
108955.34375
108954.9375
108946.375
108943.96875
108938.03125
108933.8125
108932.1875
108926.34375
108923.09375
108921.6875
108917.5
108916.875
108914.4375
108911.6875
108907.5
108907.375
108899.1875
108896.9375
108890.75
108890.0
108880.1875
108876.5625
108874.0
108866.5
108863.9375
108851.8125
108851.375
108847.25
108846.9375
108844.6875
108840.5
108840.125
108836.0625
108832.5625
108824.25
108821.875
108816.9375
108812.6875
108812.0
108811.625
108807.9375
108804.8125
108802.75
108800.0
108795.15625
108790.59375
108786.75
108783.0625
108781.59375
108770.65625
108767.0
108765.875
108763.65625
108760.46875
108757.25
108751.1875
108750.28125
108748.15625
108743.9375
108735.125
108731.71875
108731.09375
108727.1875
108724.3125
108722.34375
108722.15625
108719.1875
108718.375
108712.78125
108710.09375
108703.375
108700.8125
108695.96875
108693.15625
108692.40625
108686.90625
108681.40625
108676.15625
108668.28125
108667.40625
108666.53125
108661.53125
108661.53125
108658.28125
108655.53125
108651.53125
108650.65625
108648.03125
108646.65625
108643.78125
108642.78125
108640.03125
108640.03125
108639.53125
108635.03125
108630.78125
108625.78125
108625.65625
108624.40625
108616.28125
108612.15625
108605.90625
108605.78125
108598.40625
108595.15625
108587.5
108583.8125
108581.40625
108576.59375
108571.75
108563.875
108557.34375
108553.15625
108549.875
108547.3125
108546.40625
108544.34375
108535.6875
108535.25
108532.46875
108526.90625
108526.75
108519.9375
108514.65625
108509.96875
108506.6875
108505.625
108504.53125
108499.53125
108499.125
108492.6875
108491.03125
108482.46875
108480.71875
108477.90625
108476.40625
108473.21875
108465.46875
108460.28125
108458.53125
108452.59375
108449.71875
108446.28125
108444.28125
108441.71875
108429.96875
108429.28125
108428.28125
108421.34375
108413.21875
108412.28125
108408.90625
108407.71875
108406.34375
108406.28125
108401.15625
108394.34375
108389.71875
108387.15625
108383.15625
108377.96875
108373.34375
108372.375
108364.1875
108358.90625
108357.65625
108356.9375
108351.0
108349.09375
108349.09375
108339.9375
108339.0625
108337.78125
108337.65625
108333.3125
108326.625
108323.78125
108318.71875
108314.8125
108310.9375
108310.34375
108309.40625
108296.8125
108292.25
108285.34375
108284.21875
108277.875
108273.8125
108268.8125
108266.3125
108263.0625
108255.1875
108250.3125
108250.1875
108238.9375
108235.8125
108228.3125
108216.4375
108208.0625
108207.6875
108202.4375
108195.5625
108191.1875
108187.8125
108186.5625
108186.0625
108184.1875
108183.1875
108179.0625
108175.6875
108169.9375
108166.4375
108161.1875
108158.1875
108156.8125
108155.34375
108154.46875
108154.125
108152.875
108151.78125
108145.03125
108142.8125
108139.0625
108135.71875
108133.71875
108130.875
108128.375
108124.15625
108119.15625
108115.625
108114.5625
108104.34375
108102.96875
108100.8125
108096.875
108091.53125
108090.90625
108086.1875
108084.6875
108083.9375
108074.75
108074.5
108065.5625
108064.8125
108058.875
108051.375
108050.0625
108038.9375
108034.375
108032.125
108022.6875
108019.8125
108015.75
108012.875
108004.6875
107997.6875
107997.375
107995.625
107985.1875
107985.0625
107981.0
107972.5
107966.3125
107962.6875
107954.53125
107952.03125
107947.625
107945.75
107940.59375
107938.21875
107931.8125
107931.0625
107922.03125
107917.90625
107912.625
107912.0
107910.03125
107909.21875
107900.75
107896.0625
107895.96875
107887.28125
107882.0
107881.125
107880.28125
107871.71875
107870.59375
107865.21875
107855.34375
107850.46875
107847.34375
107846.09375
107845.96875
107841.71875
107836.21875
107835.71875
107834.46875
107825.59375
107818.71875
107816.59375
107816.46875
107808.96875
107807.09375
107805.21875
107803.21875
107801.09375
107799.96875
107795.84375
107788.71875
107787.9375
107781.75
107778.53125
107778.40625
107767.5625
107755.8125
107755.34375
107751.34375
107741.6875
107739.125
107737.53125
107734.53125
107731.125
107722.0625
107718.59375
107715.59375
107713.125
107710.5
107703.65625
107698.90625
107694.53125
107689.84375
107689.71875
107689.28125
107682.03125
107677.84375
107661.96875
107654.90625
107645.03125
107644.34375
107642.84375
107640.15625
107636.03125
107634.71875
107628.34375
107626.90625
107615.90625
107612.96875
107610.84375
107603.78125
107598.53125
107594.875
107593.75
107590.59375
107588.71875
107580.3125
107575.4375
107573.65625
107569.90625
107565.3125
107562.5
107552.40625
107547.84375
107542.5625
107537.6875
107525.28125
107516.53125
107508.75
107506.0
107505.25
107502.125
107500.875
107498.0
107497.375
107496.25
107492.875
107490.375
107485.25
107481.625
107474.625
107464.75
107460.0
107460.0
107454.875
107450.25
107444.875
107437.625
107432.375
107427.71875
107424.65625
107422.375
107420.4375
107419.15625
107412.46875
107409.6875
107408.25
107405.90625
107405.65625
107395.9375
107386.3125
107385.53125
107383.21875
107378.9375
107376.125
107375.5
107370.5625
107369.4375
107368.5
107359.625
107355.9375
107351.1875
107350.375
107349.75
107345.4375
107342.1875
107336.0
107322.625
107321.3125
107321.3125
107315.0
107312.125
107307.21875
107301.71875
107297.8125
107297.4375
107291.21875
107284.28125
107278.6875
107275.875
107271.59375
107269.84375
107269.25
107264.9375
107257.71875
107254.40625
107248.65625
107246.78125
107240.90625
107238.90625
107237.03125
107234.53125
107232.03125
107231.03125
107223.40625
107217.65625
107211.03125
107203.65625
107201.40625
107192.78125
107192.15625
107191.375
107184.4375
107181.59375
107177.09375
107168.875
107160.5
107156.40625
107154.15625
107147.9375
107142.5625
107140.53125
107135.34375
107130.21875
107128.40625
107123.90625
107121.09375
107112.21875
107110.90625
107107.90625
107106.34375
107099.96875
107092.03125
107089.78125
107081.34375
107077.59375
107072.4375
107067.6875
107066.90625
107065.40625
107064.875
107059.5
107056.71875
107056.21875
107054.6875
107053.9375
107051.4375
107047.1875
107044.0625
107043.6875
107040.5625
107035.1875
107034.0625
107031.0625
107029.3125
107029.0625
107025.4375
107023.09375
107020.96875
107019.625
107018.0
107012.34375
107008.28125
107007.0
107005.6875
107002.3125
106997.625
106997.5
106994.6875
106990.5625
106984.5
106976.75
106973.1875
106972.4375
106966.71875
106962.28125
106955.1875
106947.0
106942.71875
106937.21875
106932.34375
106928.46875
106927.84375
106925.21875
106922.09375
106915.46875
106908.34375
106902.875
106901.25
106890.09375
106884.40625
106880.90625
106879.59375
106874.46875
106869.03125
106860.90625
106858.8125
106853.75
106852.0
106850.0
106845.0
======================answer========================
[0, 2, 3, 2, 3, 2, 3, 2, 3, 2, 3, 2, 3, 2, 3, 2, 3, 2, 3, 2, 3, 2, 3, 2, 3, 2, 3, 2, 3, 2, 3, 2, 3, 2, 3, 2, 3, 2, 3, 2, 3, 2, 3, 2, 3, 2, 3, 2, 3, 2, 3, 2, 3, 2, 3, 2, 3, 2, 3, 2, 3, 2, 3, 2, 3, 2, 3, 2, 3, 2, 3, 2, 3, 2, 3, 2, 3, 2, 3, 2, 3, 2, 3, 2, 3, 2, 3, 2, 3, 2, 3, 2, 3, 2, 3, 2, 3, 2, 3, 2]
[2, 0, 2, 3, 2, 3, 2, 3, 2, 3, 2, 3, 2, 3, 2, 3, 2, 3, 2, 3, 2, 3, 2, 3, 2, 3, 2, 3, 2, 3, 2, 3, 2, 3, 2, 3, 2, 3, 2, 3, 2, 3, 2, 3, 2, 3, 2, 3, 2, 3, 2, 3, 2, 3, 2, 3, 2, 3, 2, 3, 2, 3, 2, 3, 2, 3, 2, 3, 2, 3, 2, 3, 2, 3, 2, 3, 2, 3, 2, 3, 2, 3, 2, 3, 2, 3, 2, 3, 2, 3, 2, 3, 2, 3, 2, 3, 2, 3, 2, 3]
[3, 2, 0, 2, 3, 2, 3, 2, 3, 2, 3, 2, 3, 2, 3, 2, 3, 2, 3, 2, 3, 2, 3, 2, 3, 2, 3, 2, 2, 3, 3, 2, 2, 3, 3, 2, 2, 3, 3, 2, 2, 3, 3, 2, 2, 3, 3, 2, 2, 3, 3, 2, 2, 3, 3, 2, 2, 3, 3, 2, 2, 3, 3, 2, 2, 3, 3, 2, 2, 3, 3, 2, 2, 3, 3, 2, 2, 3, 3, 2, 2, 3, 3, 2, 2, 3, 3, 2, 2, 3, 3, 2, 2, 3, 3, 2, 2, 3, 3, 2]
[2, 3, 2, 0, 2, 3, 2, 3, 2, 3, 2, 3, 2, 3, 2, 3, 2, 3, 2, 3, 2, 3, 2, 3, 2, 3, 2, 3, 3, 2, 2, 3, 3, 2, 2, 3, 3, 2, 2, 3, 3, 2, 2, 3, 3, 2, 2, 3, 3, 2, 2, 3, 3, 2, 2, 3, 3, 2, 2, 3, 3, 2, 2, 3, 3, 2, 2, 3, 3, 2, 2, 3, 3, 2, 2, 3, 3, 2, 2, 3, 3, 2, 2, 3, 3, 2, 2, 3, 3, 2, 2, 3, 3, 2, 2, 3, 3, 2, 2, 3]
[3, 2, 3, 2, 0, 2, 3, 2, 3, 2, 3, 2, 3, 2, 3, 2, 2, 3, 3, 2, 2, 3, 3, 2, 2, 3, 3, 2, 3, 2, 2, 3, 3, 2, 3, 2, 3, 2, 2, 3, 3, 2, 3, 2, 3, 2, 2, 3, 3, 3, 2, 2, 3, 3, 2, 2, 3, 3, 2, 2, 3, 3, 2, 2, 3, 3, 2, 2, 3, 3, 2, 2, 3, 3, 2, 2, 3, 3, 2, 2, 3, 3, 2, 2, 3, 3, 2, 2, 3, 3, 2, 2, 3, 3, 2, 2, 3, 3, 2, 2]
[2, 3, 2, 3, 2, 0, 2, 3, 2, 3, 2, 3, 2, 3, 2, 3, 3, 2, 2, 3, 3, 2, 2, 3, 3, 2, 2, 3, 2, 3, 3, 2, 2, 3, 2, 3, 2, 3, 3, 2, 2, 3, 2, 3, 2, 3, 3, 2, 3, 2, 3, 2, 3, 2, 3, 2, 3, 2, 3, 2, 3, 2, 3, 2, 3, 2, 3, 2, 3, 2, 3, 3, 2, 2, 3, 2, 3, 2, 3, 3, 2, 2, 3, 3, 2, 2, 3, 2, 3, 2, 3, 3, 2, 2, 3, 3, 2, 2, 3, 2]
[3, 2, 3, 2, 3, 2, 0, 2, 3, 2, 3, 2, 2, 3, 3, 2, 3, 2, 2, 3, 3, 2, 3, 2, 3, 2, 2, 3, 3, 2, 3, 3, 2, 2, 2, 3, 3, 2, 3, 3, 2, 2, 3, 2, 3, 2, 3, 2, 2, 3, 2, 3, 2, 3, 3, 3, 2, 2, 3, 3, 2, 2, 3, 3, 2, 2, 3, 3, 2, 2, 3, 2, 3, 2, 2, 3, 2, 3, 3, 2, 3, 2, 2, 3, 3, 2, 3, 3, 2, 2, 3, 2, 3, 2, 2, 3, 3, 2, 3, 3]
[2, 3, 2, 3, 2, 3, 2, 0, 2, 3, 2, 3, 3, 2, 2, 3, 2, 3, 3, 2, 2, 3, 2, 3, 2, 3, 3, 2, 2, 3, 3, 2, 3, 2, 3, 2, 2, 3, 3, 2, 3, 2, 2, 3, 2, 3, 2, 3, 2, 3, 3, 3, 2, 2, 2, 3, 2, 3, 3, 2, 2, 3, 3, 3, 2, 2, 2, 3, 2, 3, 3, 2, 3, 2, 3, 3, 2, 2, 2, 3, 2, 3, 3, 2, 3, 2, 2, 3, 2, 3, 3, 2, 3, 2, 3, 2, 3, 2, 3, 3]
[3, 2, 3, 2, 3, 2, 3, 2, 0, 2, 2, 3, 3, 2, 3, 2, 3, 2, 3, 2, 2, 3, 2, 3, 3, 2, 3, 3, 2, 2, 2, 3, 3, 3, 2, 2, 3, 2, 2, 3, 3, 3, 2, 2, 3, 3, 2, 2, 3, 2, 3, 3, 2, 2, 3, 2, 3, 2, 2, 3, 3, 2, 2, 3, 3, 3, 2, 3, 2, 3, 2, 3, 2, 3, 2, 3, 2, 2, 3, 2, 3, 2, 3, 2, 2, 3, 3, 2, 3, 2, 2, 3, 2, 3, 3, 2, 2, 3, 2, 3]
[2, 3, 2, 3, 2, 3, 2, 3, 2, 0, 3, 2, 2, 3, 2, 3, 2, 3, 2, 3, 3, 2, 3, 2, 2, 3, 3, 2, 3, 3, 2, 2, 2, 3, 3, 2, 3, 2, 2, 3, 2, 3, 3, 2, 3, 2, 3, 3, 2, 2, 3, 2, 3, 3, 2, 3, 2, 3, 2, 3, 2, 3, 2, 2, 3, 3, 2, 2, 3, 2, 3, 3, 2, 3, 2, 2, 3, 3, 2, 2, 3, 3, 2, 3, 2, 3, 2, 3, 2, 2, 3, 3, 2, 3, 2, 2, 2, 3, 3, 2]
[3, 2, 3, 2, 3, 2, 3, 2, 2, 3, 0, 2, 3, 3, 2, 2, 3, 3, 2, 2, 3, 2, 3, 2, 2, 3, 2, 3, 3, 2, 3, 2, 3, 2, 3, 3, 2, 3, 2, 2, 3, 2, 3, 3, 2, 2, 3, 2, 3, 2, 2, 3, 3, 2, 3, 2, 3, 3, 2, 2, 3, 3, 2, 3, 2, 2, 3, 2, 3, 2, 2, 3, 3, 3, 3, 2, 2, 2, 2, 3, 2, 3, 3, 3, 2, 3, 2, 3, 2, 3, 2, 2, 3, 2, 3, 3, 2, 3, 2, 3]
[2, 3, 2, 3, 2, 3, 2, 3, 3, 2, 2, 0, 3, 2, 3, 2, 3, 2, 3, 3, 2, 3, 2, 3, 2, 2, 2, 3, 2, 3, 2, 3, 2, 3, 2, 3, 2, 3, 3, 2, 2, 3, 2, 3, 2, 3, 2, 3, 2, 3, 2, 2, 3, 3, 2, 3, 2, 2, 3, 3, 2, 2, 3, 2, 3, 3, 3, 2, 2, 3, 2, 2, 3, 3, 3, 2, 3, 2, 3, 2, 2, 3, 2, 3, 3, 2, 3, 2, 3, 2, 2, 3, 2, 3, 2, 3, 3, 2, 2, 3]
[3, 2, 3, 2, 3, 2, 2, 3, 3, 2, 3, 3, 0, 2, 2, 3, 2, 2, 3, 3, 2, 2, 3, 2, 3, 3, 2, 2, 3, 3, 2, 3, 2, 3, 2, 3, 2, 3, 2, 3, 2, 3, 2, 3, 2, 3, 2, 3, 2, 2, 3, 3, 2, 3, 2, 2, 3, 3, 2, 2, 3, 3, 2, 3, 2, 2, 3, 3, 2, 2, 3, 3, 2, 2, 3, 3, 3, 3, 2, 2, 2, 2, 3, 2, 3, 3, 2, 3, 3, 2, 2, 2, 3, 3, 2, 3, 2, 2, 3, 2]
[2, 3, 2, 3, 2, 3, 3, 2, 2, 3, 3, 2, 2, 0, 3, 3, 2, 3, 2, 2, 3, 3, 2, 2, 3, 2, 3, 2, 2, 3, 3, 2, 3, 2, 3, 2, 3, 2, 3, 2, 3, 2, 3, 2, 3, 2, 3, 2, 3, 3, 2, 2, 2, 3, 3, 3, 2, 2, 3, 3, 2, 2, 3, 2, 2, 3, 3, 3, 2, 3, 2, 3, 2, 2, 3, 3, 2, 3, 2, 3, 2, 2, 3, 2, 3, 2, 3, 2, 3, 3, 2, 3, 2, 2, 3, 3, 2, 3, 2, 2]
[3, 2, 3, 2, 3, 2, 3, 2, 3, 2, 2, 3, 2, 3, 0, 2, 3, 3, 2, 3, 2, 3, 2, 3, 2, 2, 3, 2, 3, 2, 3, 2, 3, 3, 2, 2, 3, 3, 2, 2, 3, 3, 2, 2, 3, 2, 3, 3, 2, 3, 2, 2, 3, 2, 3, 2, 3, 2, 3, 2, 2, 3, 3, 2, 2, 3, 2, 3, 3, 2, 3, 2, 3, 2, 2, 3, 3, 2, 3, 3, 2, 3, 2, 2, 2, 3, 3, 3, 2, 3, 3, 2, 2, 2, 3, 2, 3, 2, 3, 2]
[2, 3, 2, 3, 2, 3, 2, 3, 2, 3, 2, 2, 3, 3, 2, 0, 2, 2, 3, 3, 3, 2, 3, 2, 3, 3, 2, 3, 2, 2, 2, 3, 3, 2, 3, 3, 2, 2, 3, 3, 2, 2, 3, 2, 2, 3, 2, 3, 3, 2, 3, 2, 2, 3, 3, 2, 3, 3, 2, 2, 3, 2, 3, 3, 2, 2, 2, 3, 3, 3, 2, 2, 2, 3, 2, 3, 2, 3, 3, 3, 3, 2, 2, 2, 2, 3, 3, 2, 2, 3, 3, 2, 3, 3, 2, 2, 3, 3, 2, 3]
[3, 2, 3, 2, 2, 3, 3, 2, 3, 2, 3, 3, 2, 2, 3, 2, 0, 2, 3, 2, 3, 2, 2, 3, 3, 3, 2, 2, 3, 3, 2, 2, 2, 3, 3, 3, 2, 2, 3, 3, 2, 2, 3, 3, 2, 2, 3, 2, 3, 2, 3, 3, 2, 2, 2, 3, 2, 3, 3, 3, 2, 2, 2, 3, 3, 3, 2, 2, 3, 3, 2, 3, 2, 2, 3, 2, 3, 2, 3, 3, 3, 2, 2, 3, 2, 2, 2, 3, 3, 3, 2, 3, 2, 2, 3, 2, 3, 2, 3, 3]
[2, 3, 2, 3, 3, 2, 2, 3, 2, 3, 3, 2, 2, 3, 3, 2, 2, 0, 3, 2, 2, 3, 3, 3, 2, 2, 3, 3, 2, 2, 3, 3, 2, 2, 3, 2, 3, 3, 2, 2, 3, 3, 2, 3, 2, 2, 2, 2, 3, 3, 2, 3, 3, 2, 2, 3, 2, 3, 2, 3, 3, 2, 2, 3, 3, 2, 3, 2, 2, 3, 3, 2, 3, 3, 2, 2, 2, 3, 2, 3, 3, 2, 3, 2, 3, 2, 2, 3, 2, 3, 3, 2, 3, 3, 2, 2, 2, 3, 3, 2]
[3, 2, 3, 2, 3, 2, 2, 3, 3, 2, 2, 3, 3, 2, 2, 3, 3, 3, 0, 2, 2, 2, 3, 2, 3, 2, 3, 3, 2, 2, 3, 2, 3, 2, 2, 3, 3, 3, 2, 3, 2, 2, 3, 3, 3, 2, 2, 3, 2, 3, 2, 3, 2, 3, 2, 3, 2, 2, 3, 3, 2, 3, 2, 2, 3, 2, 3, 2, 3, 2, 3, 3, 2, 3, 2, 3, 2, 3, 2, 2, 3, 3, 2, 3, 2, 2, 3, 2, 3, 2, 3, 3, 2, 3, 3, 3, 2, 2, 2, 3]
[2, 3, 2, 3, 2, 3, 3, 2, 2, 3, 2, 3, 3, 2, 3, 3, 2, 2, 2, 0, 3, 3, 2, 3, 2, 3, 2, 2, 3, 2, 3, 3, 2, 3, 2, 2, 2, 3, 3, 2, 3, 3, 2, 2, 3, 3, 2, 2, 2, 2, 3, 3, 3, 2, 3, 2, 3, 2, 2, 3, 3, 3, 2, 2, 2, 3, 3, 2, 2, 3, 3, 2, 3, 2, 3, 2, 3, 2, 3, 2, 3, 3, 2, 3, 2, 3, 2, 2, 2, 3, 2, 3, 3, 2, 2, 3, 3, 3, 2, 2]
[3, 2, 3, 2, 2, 3, 3, 2, 2, 3, 3, 2, 2, 3, 2, 3, 3, 2, 2, 3, 0, 3, 2, 2, 3, 2, 3, 3, 2, 3, 2, 3, 2, 2, 3, 2, 3, 2, 3, 2, 3, 3, 2, 3, 2, 3, 3, 2, 2, 2, 3, 2, 3, 2, 2, 3, 3, 2, 3, 2, 3, 3, 3, 2, 2, 2, 2, 3, 3, 2, 2, 3, 3, 3, 2, 3, 2, 3, 2, 2, 2, 3, 3, 3, 3, 2, 2, 2, 3, 2, 3, 2, 3, 3, 2, 2, 3, 3, 2, 3]
[2, 3, 2, 3, 3, 2, 2, 3, 3, 2, 2, 3, 2, 3, 3, 2, 2, 3, 2, 3, 3, 0, 2, 2, 2, 3, 3, 2, 3, 3, 2, 2, 3, 3, 2, 3, 2, 2, 3, 3, 2, 2, 3, 2, 3, 3, 2, 3, 3, 2, 2, 2, 3, 3, 3, 2, 2, 3, 2, 2, 3, 2, 3, 3, 3, 2, 2, 3, 2, 2, 3, 2, 3, 3, 3, 2, 2, 2, 3, 3, 2, 2, 3, 2, 3, 3, 3, 2, 2, 2, 3, 3, 2, 2, 3, 3, 2, 3, 3, 2]
[3, 2, 3, 2, 3, 2, 3, 2, 2, 3, 3, 2, 3, 2, 2, 3, 2, 3, 3, 2, 2, 2, 0, 3, 2, 3, 2, 3, 3, 3, 2, 2, 3, 3, 2, 3, 2, 2, 2, 3, 3, 3, 2, 2, 3, 3, 3, 2, 2, 3, 2, 2, 2, 3, 3, 3, 2, 2, 3, 3, 2, 2, 3, 3, 2, 3, 2, 2, 3, 3, 2, 3, 2, 2, 3, 3, 3, 2, 2, 3, 2, 3, 3, 2, 3, 2, 2, 3, 2, 3, 2, 3, 3, 2, 2, 3, 3, 2, 3, 2]
[2, 3, 2, 3, 2, 3, 2, 3, 3, 2, 2, 3, 2, 2, 3, 2, 3, 3, 2, 3, 2, 2, 3, 0, 3, 2, 2, 3, 3, 2, 3, 3, 2, 2, 3, 2, 3, 3, 2, 2, 3, 2, 3, 3, 2, 2, 3, 3, 3, 2, 3, 2, 2, 2, 3, 2, 3, 3, 2, 2, 2, 3, 3, 3, 3, 3, 2, 2, 2, 2, 3, 3, 2, 2, 3, 3, 2, 3, 2, 2, 3, 3, 2, 3, 2, 3, 3, 2, 3, 2, 2, 2, 3, 3, 3, 2, 2, 2, 3, 3]
[3, 2, 3, 2, 2, 3, 3, 2, 3, 2, 2, 2, 3, 3, 2, 3, 3, 2, 3, 2, 3, 2, 2, 3, 0, 3, 2, 2, 2, 3, 3, 3, 2, 2, 3, 2, 3, 2, 2, 3, 2, 3, 3, 2, 3, 2, 2, 3, 3, 3, 2, 3, 2, 2, 2, 3, 3, 2, 3, 2, 3, 2, 2, 2, 3, 3, 3, 3, 2, 2, 2, 2, 3, 3, 3, 2, 3, 3, 3, 2, 2, 2, 3, 2, 2, 3, 3, 3, 2, 2, 3, 2, 2, 3, 3, 3, 2, 2, 2, 3]
[2, 3, 2, 3, 3, 2, 2, 3, 2, 3, 3, 2, 3, 2, 2, 3, 3, 2, 2, 3, 2, 3, 3, 2, 3, 0, 2, 2, 3, 2, 3, 2, 3, 3, 2, 3, 2, 2, 3, 2, 3, 2, 3, 3, 2, 3, 2, 2, 2, 3, 3, 3, 2, 3, 2, 2, 3, 3, 2, 3, 2, 3, 2, 2, 3, 2, 3, 3, 2, 3, 2, 2, 3, 2, 2, 3, 3, 2, 3, 3, 2, 2, 2, 3, 3, 2, 3, 3, 2, 3, 2, 2, 2, 3, 3, 2, 3, 3, 2, 2]
[3, 2, 3, 2, 3, 2, 2, 3, 3, 3, 2, 2, 2, 3, 3, 2, 2, 3, 3, 2, 3, 3, 2, 2, 2, 2, 0, 3, 2, 3, 2, 3, 3, 3, 2, 2, 3, 3, 2, 2, 2, 3, 2, 3, 3, 2, 3, 2, 3, 2, 3, 2, 3, 3, 2, 2, 2, 3, 3, 2, 2, 3, 3, 2, 2, 3, 3, 2, 3, 3, 2, 2, 2, 3, 2, 3, 3, 2, 3, 2, 3, 2, 3, 2, 3, 2, 2, 3, 3, 2, 2, 3, 3, 2, 2, 3, 3, 2, 3, 3]
[2, 3, 2, 3, 2, 3, 3, 2, 3, 2, 3, 3, 2, 2, 2, 3, 2, 3, 3, 2, 3, 2, 3, 3, 2, 2, 3, 0, 2, 2, 3, 2, 3, 3, 2, 3, 2, 3, 3, 3, 2, 2, 2, 2, 2, 3, 3, 3, 2, 3, 2, 3, 3, 2, 2, 3, 2, 2, 2, 3, 3, 2, 3, 3, 2, 2, 3, 3, 3, 2, 2, 3, 2, 2, 2, 2, 3, 3, 3, 2, 3, 3, 2, 2, 3, 3, 2, 2, 3, 3, 3, 2, 2, 2, 3, 2, 3, 3, 2, 2]
[3, 2, 2, 3, 3, 2, 3, 2, 2, 3, 3, 2, 3, 2, 3, 2, 3, 2, 2, 3, 2, 3, 3, 3, 2, 3, 2, 2, 0, 3, 2, 3, 2, 2, 3, 2, 3, 3, 2, 3, 2, 2, 3, 2, 3, 2, 2, 3, 3, 2, 3, 2, 3, 2, 3, 3, 2, 2, 3, 2, 3, 3, 2, 3, 2, 2, 2, 3, 3, 3, 3, 2, 2, 2, 3, 2, 2, 3, 2, 3, 3, 2, 2, 3, 2, 3, 3, 2, 3, 2, 3, 3, 2, 2, 2, 3, 2, 3, 3, 2]
[2, 3, 3, 2, 2, 3, 2, 3, 2, 3, 2, 3, 3, 3, 2, 2, 3, 2, 2, 2, 3, 3, 3, 2, 3, 2, 3, 2, 3, 0, 2, 2, 2, 3, 3, 3, 2, 2, 3, 2, 3, 3, 2, 2, 2, 3, 3, 2, 3, 3, 2, 3, 2, 3, 2, 2, 3, 3, 2, 3, 2, 2, 2, 3, 3, 3, 2, 2, 3, 2, 3, 3, 2, 3, 2, 2, 3, 2, 2, 3, 3, 3, 3, 2, 2, 2, 3, 3, 2, 3, 2, 3, 3, 2, 2, 2, 2, 3, 3, 3]
[3, 2, 3, 2, 2, 3, 3, 3, 2, 2, 3, 2, 2, 3, 3, 2, 2, 3, 3, 3, 2, 2, 2, 3, 3, 3, 2, 3, 2, 2, 0, 2, 3, 2, 3, 2, 2, 3, 3, 2, 3, 2, 3, 3, 2, 2, 2, 3, 2, 3, 3, 2, 3, 2, 3, 2, 3, 2, 2, 3, 2, 3, 3, 2, 3, 2, 3, 2, 2, 3, 3, 2, 3, 2, 2, 3, 2, 3, 2, 3, 2, 3, 2, 3, 2, 3, 2, 3, 2, 3, 2, 3, 2, 3, 2, 3, 2, 2, 3, 3]
[2, 3, 2, 3, 3, 2, 3, 2, 3, 2, 2, 3, 3, 2, 2, 3, 2, 3, 2, 3, 3, 2, 2, 3, 3, 2, 3, 2, 3, 2, 2, 0, 2, 3, 3, 3, 3, 2, 2, 3, 2, 3, 2, 3, 2, 2, 3, 2, 2, 3, 3, 3, 2, 3, 3, 2, 2, 3, 3, 2, 3, 2, 2, 2, 3, 3, 2, 3, 2, 3, 2, 3, 3, 2, 2, 2, 2, 3, 3, 2, 2, 3, 3, 3, 3, 2, 2, 2, 3, 2, 3, 2, 3, 3, 2, 2, 3, 2, 2, 3]
[3, 2, 2, 3, 3, 2, 2, 3, 3, 2, 3, 2, 2, 3, 3, 3, 2, 2, 3, 2, 2, 3, 3, 2, 2, 3, 3, 3, 2, 2, 3, 2, 0, 2, 2, 3, 2, 3, 3, 2, 3, 2, 2, 3, 3, 3, 2, 2, 3, 2, 2, 3, 2, 3, 3, 3, 2, 2, 3, 2, 3, 2, 3, 2, 2, 3, 2, 3, 3, 2, 3, 3, 2, 3, 2, 2, 3, 2, 3, 2, 2, 3, 2, 3, 3, 3, 2, 3, 2, 2, 3, 2, 3, 3, 3, 2, 2, 2, 2, 3]
[2, 3, 3, 2, 2, 3, 2, 2, 3, 3, 2, 3, 3, 2, 3, 2, 3, 2, 2, 3, 2, 3, 3, 2, 2, 3, 3, 3, 2, 3, 2, 3, 2, 0, 2, 2, 3, 2, 3, 3, 2, 3, 2, 2, 3, 2, 3, 3, 2, 2, 2, 3, 3, 2, 3, 3, 3, 2, 2, 3, 2, 3, 2, 3, 2, 2, 3, 2, 2, 3, 2, 3, 3, 3, 3, 2, 2, 2, 3, 3, 2, 2, 3, 2, 2, 3, 3, 2, 3, 3, 2, 2, 3, 2, 3, 3, 2, 2, 2, 2]
[3, 2, 3, 2, 3, 2, 2, 3, 2, 3, 3, 2, 2, 3, 2, 3, 3, 3, 2, 2, 3, 2, 2, 3, 3, 2, 2, 2, 3, 3, 3, 3, 2, 2, 0, 2, 3, 2, 2, 3, 3, 2, 3, 2, 2, 3, 2, 3, 3, 2, 3, 2, 2, 3, 2, 3, 3, 3, 2, 2, 2, 3, 3, 2, 3, 2, 2, 3, 2, 3, 2, 2, 3, 3, 3, 2, 3, 2, 2, 3, 3, 2, 2, 3, 3, 2, 3, 2, 2, 3, 3, 3, 2, 2, 3, 2, 3, 3, 2, 2]
[2, 3, 2, 3, 2, 3, 3, 2, 2, 2, 3, 3, 3, 2, 2, 3, 3, 2, 3, 2, 2, 3, 3, 2, 2, 3, 2, 3, 2, 3, 2, 3, 3, 2, 2, 0, 3, 3, 2, 2, 3, 3, 3, 2, 2, 3, 3, 2, 2, 3, 2, 2, 3, 2, 3, 2, 3, 3, 3, 2, 3, 2, 2, 3, 2, 3, 3, 2, 2, 2, 3, 2, 3, 2, 3, 3, 2, 3, 2, 2, 3, 2, 3, 3, 2, 2, 3, 3, 3, 2, 2, 3, 2, 3, 2, 3, 3, 2, 3, 2]
[3, 2, 2, 3, 3, 2, 3, 2, 3, 3, 2, 2, 2, 3, 3, 2, 2, 3, 3, 2, 3, 2, 2, 3, 3, 2, 3, 2, 3, 2, 2, 3, 2, 3, 3, 3, 0, 2, 2, 2, 2, 3, 3, 3, 3, 2, 2, 2, 2, 3, 2, 3, 3, 2, 2, 3, 3, 2, 2, 3, 3, 2, 3, 3, 2, 2, 3, 2, 3, 2, 3, 2, 2, 3, 3, 3, 2, 2, 2, 3, 3, 3, 2, 2, 3, 2, 2, 3, 3, 2, 3, 2, 2, 3, 3, 2, 3, 3, 2, 2]
[2, 3, 3, 2, 2, 3, 2, 3, 2, 2, 3, 3, 3, 2, 3, 2, 2, 3, 3, 3, 2, 2, 2, 3, 2, 2, 3, 3, 3, 2, 3, 2, 3, 2, 2, 3, 2, 0, 3, 3, 2, 2, 3, 3, 2, 3, 3, 2, 3, 2, 2, 2, 2, 3, 2, 3, 2, 3, 3, 3, 2, 3, 2, 2, 3, 3, 2, 3, 3, 2, 2, 3, 2, 2, 3, 3, 2, 3, 3, 2, 2, 2, 3, 2, 2, 3, 3, 2, 2, 3, 3, 3, 3, 2, 2, 3, 2, 3, 2, 3]
[3, 2, 3, 2, 2, 3, 3, 3, 2, 2, 2, 3, 2, 3, 2, 3, 3, 2, 2, 3, 3, 3, 2, 2, 2, 3, 2, 3, 2, 3, 3, 2, 3, 3, 2, 2, 2, 3, 0, 3, 2, 2, 2, 3, 3, 2, 3, 3, 2, 3, 3, 2, 2, 3, 2, 2, 2, 3, 3, 3, 3, 2, 2, 3, 2, 3, 2, 2, 3, 3, 3, 2, 2, 2, 2, 3, 3, 2, 3, 2, 3, 3, 2, 2, 3, 2, 3, 2, 3, 3, 2, 2, 3, 3, 2, 2, 3, 3, 3, 2]
[2, 3, 2, 3, 3, 2, 3, 2, 3, 3, 2, 2, 3, 2, 2, 3, 3, 2, 3, 2, 2, 3, 3, 2, 3, 2, 2, 3, 3, 2, 2, 3, 2, 3, 3, 2, 2, 3, 3, 0, 3, 2, 2, 3, 3, 2, 2, 3, 3, 2, 2, 3, 2, 2, 3, 2, 2, 3, 3, 2, 2, 3, 3, 2, 3, 3, 3, 3, 2, 2, 2, 3, 3, 2, 2, 3, 3, 3, 2, 3, 2, 2, 2, 2, 3, 3, 2, 3, 2, 2, 3, 3, 2, 2, 3, 3, 2, 3, 3, 2]
[3, 2, 2, 3, 3, 2, 2, 3, 3, 2, 3, 2, 2, 3, 3, 2, 2, 3, 2, 3, 3, 2, 3, 3, 2, 3, 2, 2, 2, 3, 3, 2, 3, 2, 3, 3, 2, 2, 2, 3, 0, 3, 2, 2, 3, 3, 2, 2, 3, 3, 3, 2, 3, 2, 2, 2, 3, 2, 2, 3, 3, 2, 3, 2, 3, 2, 3, 2, 2, 3, 3, 3, 2, 3, 2, 2, 3, 3, 2, 2, 3, 3, 3, 2, 2, 2, 3, 3, 2, 2, 2, 3, 3, 2, 3, 3, 2, 2, 2, 3]
[2, 3, 3, 2, 2, 3, 2, 2, 3, 3, 2, 3, 3, 2, 3, 2, 2, 3, 2, 3, 3, 2, 3, 2, 3, 2, 3, 2, 2, 3, 2, 3, 2, 3, 2, 3, 3, 2, 2, 2, 3, 0, 3, 2, 2, 3, 3, 3, 2, 2, 3, 3, 2, 3, 3, 2, 2, 2, 3, 2, 3, 2, 2, 3, 3, 2, 3, 3, 3, 2, 2, 2, 3, 3, 2, 2, 3, 2, 3, 3, 2, 3, 2, 3, 2, 3, 2, 3, 2, 3, 2, 2, 3, 3, 2, 2, 3, 2, 3, 3]
[3, 2, 3, 2, 3, 2, 3, 2, 2, 3, 3, 2, 2, 3, 2, 3, 3, 2, 3, 2, 2, 3, 2, 3, 3, 3, 2, 2, 3, 2, 3, 2, 2, 2, 3, 3, 3, 3, 2, 2, 2, 3, 0, 2, 2, 3, 3, 3, 2, 2, 3, 3, 3, 2, 2, 3, 2, 3, 2, 3, 2, 3, 2, 3, 2, 3, 2, 3, 2, 3, 2, 2, 3, 3, 3, 2, 2, 3, 2, 2, 3, 2, 3, 3, 2, 2, 2, 2, 3, 3, 3, 3, 2, 2, 3, 2, 3, 2, 3, 2]
[2, 3, 2, 3, 2, 3, 2, 3, 2, 2, 3, 3, 3, 2, 2, 2, 3, 3, 3, 2, 3, 2, 2, 3, 2, 3, 3, 2, 2, 2, 3, 3, 3, 2, 2, 2, 3, 3, 3, 3, 2, 2, 2, 0, 3, 2, 2, 2, 3, 3, 3, 2, 3, 3, 3, 2, 3, 2, 2, 2, 2, 3, 3, 3, 2, 3, 2, 2, 3, 2, 3, 3, 2, 2, 3, 3, 2, 2, 3, 3, 2, 2, 3, 3, 3, 2, 2, 2, 3, 2, 2, 2, 3, 3, 2, 3, 2, 3, 2, 3]
[3, 2, 2, 3, 3, 2, 3, 2, 3, 3, 2, 2, 2, 3, 3, 2, 2, 2, 3, 3, 2, 3, 3, 2, 3, 2, 3, 2, 3, 2, 2, 2, 3, 3, 2, 2, 3, 2, 3, 3, 3, 2, 2, 3, 0, 2, 2, 3, 2, 3, 2, 3, 2, 3, 3, 3, 2, 2, 2, 3, 2, 3, 2, 2, 3, 2, 3, 2, 3, 3, 3, 2, 2, 3, 3, 2, 3, 2, 2, 3, 2, 3, 3, 2, 2, 3, 3, 2, 3, 2, 2, 3, 2, 3, 2, 3, 3, 2, 2, 3]
[2, 3, 3, 2, 2, 3, 2, 3, 3, 2, 2, 3, 3, 2, 2, 3, 2, 2, 2, 3, 3, 3, 3, 2, 2, 3, 2, 3, 2, 3, 2, 2, 3, 2, 3, 3, 2, 3, 2, 2, 3, 3, 3, 2, 2, 0, 2, 2, 3, 3, 2, 3, 3, 2, 3, 3, 2, 2, 3, 2, 3, 2, 3, 2, 3, 2, 2, 3, 2, 3, 3, 2, 3, 2, 2, 3, 3, 3, 2, 2, 3, 2, 3, 3, 2, 3, 2, 2, 3, 3, 2, 2, 2, 3, 3, 2, 3, 3, 2, 2]
[3, 2, 3, 2, 2, 3, 3, 2, 2, 3, 3, 2, 2, 3, 3, 2, 3, 2, 2, 2, 3, 2, 3, 3, 2, 2, 3, 3, 2, 3, 2, 3, 2, 3, 2, 3, 2, 3, 3, 2, 2, 3, 3, 2, 2, 2, 0, 3, 3, 2, 2, 3, 3, 3, 2, 2, 3, 3, 2, 2, 3, 2, 3, 2, 2, 3, 3, 2, 2, 3, 2, 3, 3, 2, 2, 3, 2, 3, 3, 2, 3, 3, 2, 2, 3, 2, 3, 3, 2, 2, 3, 2, 3, 2, 3, 2, 2, 2, 3, 3]
[2, 3, 2, 3, 3, 2, 2, 3, 2, 3, 2, 3, 3, 2, 3, 3, 2, 2, 3, 2, 2, 3, 2, 3, 3, 2, 2, 3, 3, 2, 3, 2, 2, 3, 3, 2, 2, 2, 3, 3, 2, 3, 3, 2, 3, 2, 3, 0, 2, 2, 3, 2, 3, 2, 3, 3, 3, 2, 3, 2, 2, 3, 2, 3, 2, 3, 2, 3, 3, 2, 2, 3, 2, 3, 2, 2, 3, 2, 3, 2, 3, 3, 2, 2, 3, 3, 2, 3, 2, 3, 2, 3, 2, 2, 3, 3, 2, 2, 3, 2]
[3, 2, 2, 3, 3, 3, 2, 2, 3, 2, 3, 2, 2, 3, 2, 3, 3, 3, 2, 2, 2, 3, 2, 3, 3, 2, 3, 2, 3, 3, 2, 2, 3, 2, 3, 2, 2, 3, 2, 3, 3, 2, 2, 3, 2, 3, 3, 2, 0, 2, 2, 3, 2, 3, 3, 2, 3, 3, 2, 3, 2, 2, 3, 3, 2, 2, 3, 2, 3, 2, 3, 2, 3, 2, 3, 2, 2, 3, 3, 3, 2, 2, 3, 3, 2, 2, 3, 3, 2, 2, 3, 3, 2, 3, 2, 3, 3, 3, 2, 2]
[2, 3, 3, 2, 3, 2, 3, 3, 2, 2, 2, 3, 2, 3, 3, 2, 2, 3, 3, 2, 2, 2, 3, 2, 3, 3, 2, 3, 2, 3, 3, 3, 2, 2, 2, 3, 3, 2, 3, 2, 3, 2, 2, 3, 3, 3, 2, 2, 2, 0, 3, 2, 2, 3, 2, 3, 3, 3, 3, 2, 3, 2, 2, 2, 3, 2, 3, 3, 2, 2, 3, 3, 2, 2, 3, 3, 2, 2, 2, 3, 3, 3, 2, 2, 3, 3, 2, 2, 3, 3, 2, 2, 2, 3, 2, 3, 2, 3, 3, 2]
[3, 2, 3, 2, 2, 3, 2, 3, 3, 3, 2, 2, 3, 2, 2, 3, 3, 2, 2, 3, 3, 2, 2, 3, 2, 3, 3, 2, 3, 2, 3, 3, 2, 2, 3, 2, 2, 2, 3, 2, 3, 3, 3, 3, 2, 2, 2, 3, 2, 3, 0, 2, 3, 2, 2, 3, 2, 3, 3, 3, 2, 3, 2, 3, 2, 3, 2, 2, 3, 2, 2, 3, 3, 3, 2, 3, 2, 3, 3, 2, 2, 2, 3, 3, 3, 2, 2, 3, 2, 2, 3, 3, 3, 2, 2, 2, 3, 3, 2, 3]
[2, 3, 2, 3, 2, 2, 3, 3, 3, 2, 3, 2, 3, 2, 2, 2, 3, 3, 3, 3, 2, 2, 2, 2, 3, 3, 2, 3, 2, 3, 2, 3, 3, 3, 2, 2, 3, 2, 2, 3, 2, 3, 3, 2, 3, 3, 3, 2, 3, 2, 2, 0, 2, 2, 2, 3, 3, 2, 3, 3, 2, 3, 3, 2, 3, 2, 2, 3, 2, 3, 2, 2, 3, 3, 3, 2, 3, 2, 2, 3, 2, 3, 2, 3, 2, 2, 3, 3, 3, 2, 3, 2, 3, 2, 2, 2, 3, 3, 3, 2]
[3, 2, 2, 3, 3, 3, 2, 2, 2, 3, 3, 3, 2, 2, 3, 2, 2, 3, 2, 3, 3, 3, 2, 2, 2, 2, 3, 3, 3, 2, 3, 2, 2, 3, 2, 3, 3, 2, 2, 2, 3, 2, 3, 3, 2, 3, 3, 3, 2, 2, 3, 2, 0, 2, 3, 2, 2, 2, 3, 3, 3, 2, 3, 2, 3, 3, 2, 2, 2, 3, 3, 2, 2, 3, 3, 3, 2, 3, 2, 2, 3, 2, 3, 2, 3, 3, 2, 2, 3, 3, 2, 2, 3, 2, 3, 2, 2, 2, 3, 3]
[2, 3, 3, 2, 3, 2, 3, 2, 2, 3, 2, 3, 3, 3, 2, 3, 2, 2, 3, 2, 2, 3, 3, 2, 2, 3, 3, 2, 2, 3, 2, 3, 3, 2, 3, 2, 2, 3, 3, 2, 2, 3, 2, 3, 3, 2, 3, 2, 3, 3, 2, 2, 2, 0, 3, 2, 3, 3, 2, 3, 2, 2, 3, 3, 2, 2, 3, 3, 2, 2, 2, 3, 3, 2, 3, 2, 3, 3, 2, 2, 3, 2, 2, 3, 3, 3, 3, 2, 2, 3, 3, 2, 2, 3, 3, 2, 2, 2, 2, 3]
[3, 2, 3, 2, 2, 3, 3, 2, 3, 2, 3, 2, 2, 3, 3, 3, 2, 2, 2, 3, 2, 3, 3, 3, 2, 2, 2, 2, 3, 2, 3, 3, 3, 3, 2, 3, 2, 2, 2, 3, 2, 3, 2, 3, 3, 3, 2, 3, 3, 2, 2, 2, 3, 3, 0, 2, 2, 2, 3, 2, 3, 3, 2, 3, 3, 2, 2, 2, 3, 3, 2, 3, 2, 2, 3, 3, 2, 2, 3, 3, 2, 2, 3, 2, 2, 3, 3, 2, 2, 3, 3, 3, 2, 2, 3, 2, 3, 2, 3, 2]
[2, 3, 2, 3, 2, 2, 3, 3, 2, 3, 2, 3, 2, 3, 2, 2, 3, 3, 3, 2, 3, 2, 3, 2, 3, 2, 2, 3, 3, 2, 2, 2, 3, 3, 3, 2, 3, 3, 2, 2, 2, 2, 3, 2, 3, 3, 2, 3, 2, 3, 3, 3, 2, 2, 2, 0, 2, 3, 2, 3, 3, 3, 2, 2, 2, 3, 3, 2, 3, 3, 2, 2, 3, 3, 2, 3, 2, 2, 3, 3, 2, 2, 3, 3, 2, 2, 3, 3, 3, 2, 2, 3, 3, 2, 2, 3, 2, 2, 2, 3]
[3, 2, 2, 3, 3, 3, 2, 2, 3, 2, 3, 2, 3, 2, 3, 3, 2, 2, 2, 3, 3, 2, 2, 3, 3, 3, 2, 2, 2, 3, 3, 2, 2, 3, 3, 3, 3, 2, 2, 2, 3, 2, 2, 3, 2, 2, 3, 3, 3, 3, 2, 3, 2, 3, 2, 2, 0, 2, 2, 2, 3, 3, 3, 3, 2, 3, 2, 3, 2, 2, 3, 3, 2, 2, 2, 3, 3, 2, 3, 3, 2, 3, 2, 2, 2, 3, 2, 3, 3, 2, 3, 3, 2, 3, 2, 3, 2, 3, 2, 3]
[2, 3, 3, 2, 3, 2, 2, 3, 2, 3, 3, 2, 3, 2, 2, 3, 3, 3, 2, 2, 2, 3, 2, 3, 2, 3, 3, 2, 2, 3, 2, 3, 2, 2, 3, 3, 2, 3, 3, 3, 2, 2, 3, 2, 2, 2, 3, 2, 3, 3, 3, 2, 2, 3, 2, 3, 2, 0, 2, 2, 3, 2, 3, 2, 3, 3, 3, 2, 3, 2, 3, 2, 3, 2, 2, 2, 3, 3, 2, 3, 3, 3, 2, 2, 2, 3, 2, 3, 3, 2, 2, 3, 3, 2, 3, 2, 3, 2, 3, 2]
[3, 2, 3, 2, 2, 3, 3, 3, 2, 2, 2, 3, 2, 3, 3, 2, 3, 2, 3, 2, 3, 2, 3, 2, 3, 2, 3, 2, 3, 2, 2, 3, 3, 2, 2, 3, 2, 3, 3, 3, 2, 3, 2, 2, 2, 3, 2, 3, 2, 3, 3, 3, 3, 2, 3, 2, 2, 2, 0, 3, 2, 2, 2, 3, 3, 2, 3, 3, 2, 3, 3, 2, 2, 3, 3, 2, 3, 2, 2, 2, 3, 3, 2, 3, 3, 2, 2, 2, 2, 3, 3, 2, 3, 3, 2, 3, 2, 3, 2, 3]
[2, 3, 2, 3, 2, 2, 3, 2, 3, 3, 2, 3, 2, 3, 2, 2, 3, 3, 3, 3, 2, 2, 3, 2, 2, 3, 2, 3, 2, 3, 3, 2, 2, 3, 2, 2, 3, 3, 3, 2, 3, 2, 3, 2, 3, 2, 2, 2, 3, 2, 3, 3, 3, 3, 2, 3, 2, 2, 3, 0, 2, 2, 2, 3, 3, 2, 2, 3, 3, 3, 2, 3, 2, 2, 3, 3, 2, 3, 2, 2, 3, 2, 3, 2, 3, 2, 3, 2, 2, 3, 2, 3, 2, 3, 3, 2, 3, 2, 2, 3]
[3, 2, 2, 3, 3, 3, 2, 2, 3, 2, 3, 2, 3, 2, 2, 3, 2, 3, 2, 3, 3, 3, 2, 2, 3, 2, 2, 3, 3, 2, 2, 3, 3, 2, 2, 3, 3, 2, 3, 2, 3, 3, 2, 2, 2, 3, 3, 2, 2, 3, 2, 2, 3, 2, 3, 3, 3, 3, 2, 2, 0, 2, 2, 3, 2, 3, 3, 2, 3, 2, 3, 3, 2, 3, 2, 2, 3, 2, 3, 2, 2, 2, 3, 3, 3, 2, 3, 2, 3, 3, 2, 2, 2, 3, 3, 3, 2, 3, 3, 2]
[2, 3, 3, 2, 3, 2, 2, 3, 2, 3, 3, 2, 3, 2, 3, 2, 2, 2, 3, 3, 3, 2, 2, 3, 2, 3, 3, 2, 3, 2, 3, 2, 2, 3, 3, 2, 2, 3, 2, 3, 2, 2, 3, 3, 3, 2, 2, 3, 2, 2, 3, 3, 2, 2, 3, 3, 3, 2, 2, 2, 2, 0, 3, 2, 3, 3, 3, 2, 2, 3, 2, 3, 3, 2, 2, 3, 2, 3, 3, 2, 2, 3, 2, 3, 2, 2, 3, 3, 2, 3, 3, 2, 3, 2, 2, 3, 3, 3, 2, 2]
[3, 2, 3, 2, 2, 3, 3, 3, 2, 2, 2, 3, 2, 3, 3, 3, 2, 2, 2, 2, 3, 3, 3, 3, 2, 2, 3, 3, 2, 2, 3, 2, 3, 2, 3, 2, 3, 2, 2, 3, 3, 2, 2, 3, 2, 3, 3, 2, 3, 2, 2, 3, 3, 3, 2, 2, 3, 3, 2, 2, 2, 3, 0, 2, 2, 3, 3, 3, 2, 2, 3, 2, 3, 3, 2, 2, 3, 3, 2, 3, 2, 2, 2, 3, 3, 3, 2, 2, 3, 2, 3, 2, 3, 2, 3, 2, 3, 2, 3, 2]
[2, 3, 2, 3, 2, 2, 3, 3, 3, 2, 3, 2, 3, 2, 2, 3, 3, 3, 2, 2, 2, 3, 3, 3, 2, 2, 2, 3, 3, 3, 2, 2, 2, 3, 2, 3, 3, 2, 3, 2, 2, 3, 3, 3, 2, 2, 2, 3, 3, 2, 3, 2, 2, 3, 3, 2, 3, 2, 3, 3, 3, 2, 2, 0, 2, 2, 2, 3, 3, 3, 2, 2, 3, 3, 3, 2, 2, 3, 2, 3, 3, 2, 2, 2, 2, 3, 2, 3, 2, 2, 3, 3, 3, 3, 2, 3, 2, 3, 2, 3]
[3, 2, 2, 3, 3, 3, 2, 2, 3, 3, 2, 3, 2, 2, 2, 2, 3, 3, 3, 2, 2, 3, 2, 3, 3, 3, 2, 2, 2, 3, 3, 3, 2, 2, 3, 2, 2, 3, 2, 3, 3, 3, 2, 2, 3, 3, 2, 2, 2, 3, 2, 3, 3, 2, 3, 2, 2, 3, 3, 3, 2, 3, 2, 2, 0, 2, 2, 3, 3, 2, 3, 3, 2, 3, 2, 3, 2, 2, 3, 3, 3, 3, 2, 2, 2, 3, 3, 2, 2, 2, 2, 3, 3, 2, 3, 2, 3, 2, 3, 3]
[2, 3, 3, 2, 3, 2, 2, 2, 3, 3, 2, 3, 2, 3, 3, 2, 3, 2, 2, 3, 2, 2, 3, 3, 3, 2, 3, 2, 2, 3, 2, 3, 3, 2, 2, 3, 2, 3, 3, 3, 2, 2, 3, 3, 2, 2, 3, 3, 2, 2, 3, 2, 3, 2, 2, 3, 3, 3, 2, 2, 3, 3, 3, 2, 2, 0, 2, 2, 2, 3, 3, 3, 2, 2, 3, 2, 3, 2, 3, 2, 2, 3, 3, 3, 2, 2, 2, 3, 3, 3, 2, 2, 2, 3, 2, 3, 3, 3, 2, 2]
[3, 2, 3, 2, 2, 3, 3, 2, 2, 2, 3, 3, 3, 3, 2, 2, 2, 3, 3, 3, 2, 2, 2, 2, 3, 3, 3, 3, 2, 2, 3, 2, 2, 3, 2, 3, 3, 2, 2, 3, 3, 3, 2, 2, 3, 2, 3, 2, 3, 3, 2, 2, 2, 3, 2, 3, 2, 3, 3, 2, 3, 3, 3, 2, 2, 2, 0, 2, 3, 2, 2, 2, 3, 3, 3, 2, 2, 3, 3, 3, 2, 3, 3, 2, 3, 2, 2, 2, 2, 3, 2, 3, 2, 3, 3, 3, 2, 3, 3, 2]
[2, 3, 2, 3, 2, 2, 3, 3, 3, 2, 2, 2, 3, 3, 3, 3, 2, 2, 2, 2, 3, 3, 2, 2, 3, 3, 2, 3, 3, 2, 2, 3, 3, 2, 3, 2, 2, 3, 2, 3, 2, 3, 3, 2, 2, 3, 2, 3, 2, 3, 2, 3, 2, 3, 2, 2, 3, 2, 3, 3, 2, 2, 3, 3, 3, 2, 2, 0, 2, 2, 3, 3, 3, 2, 2, 3, 3, 2, 2, 2, 3, 2, 3, 3, 3, 2, 3, 2, 3, 2, 3, 2, 2, 2, 3, 2, 3, 3, 3, 3]
[3, 2, 2, 3, 3, 3, 2, 2, 2, 3, 3, 2, 2, 2, 3, 3, 3, 2, 3, 2, 3, 2, 3, 2, 2, 2, 3, 3, 3, 3, 2, 2, 3, 2, 2, 2, 3, 3, 3, 2, 2, 3, 2, 3, 3, 2, 2, 3, 3, 2, 3, 2, 2, 2, 3, 3, 2, 3, 2, 3, 3, 2, 2, 3, 3, 2, 3, 2, 0, 2, 2, 2, 3, 3, 2, 3, 3, 2, 2, 3, 2, 3, 3, 2, 2, 3, 3, 3, 2, 2, 2, 3, 2, 3, 2, 2, 3, 2, 3, 3]
[2, 3, 3, 2, 3, 2, 2, 3, 3, 2, 2, 3, 2, 3, 2, 3, 3, 3, 2, 3, 2, 2, 3, 2, 2, 3, 3, 2, 3, 2, 3, 3, 2, 3, 3, 2, 2, 2, 3, 2, 3, 2, 3, 2, 3, 3, 3, 2, 2, 2, 2, 3, 3, 2, 3, 3, 2, 2, 3, 3, 2, 3, 2, 3, 2, 3, 2, 2, 2, 0, 3, 2, 2, 3, 3, 2, 3, 3, 2, 2, 3, 2, 2, 3, 3, 3, 2, 3, 2, 3, 2, 2, 3, 2, 2, 3, 2, 3, 2, 3]
[3, 2, 3, 2, 2, 3, 3, 3, 2, 3, 2, 2, 3, 2, 3, 2, 2, 3, 3, 3, 2, 3, 2, 3, 2, 2, 2, 2, 3, 3, 3, 2, 3, 2, 2, 3, 3, 2, 3, 2, 3, 2, 2, 3, 3, 3, 2, 2, 3, 3, 2, 2, 3, 2, 2, 2, 3, 3, 3, 2, 3, 2, 3, 2, 3, 3, 2, 3, 2, 3, 0, 2, 2, 2, 3, 2, 2, 3, 3, 2, 3, 2, 3, 3, 2, 3, 2, 3, 2, 2, 3, 2, 3, 2, 2, 3, 3, 2, 3, 2]
[2, 3, 2, 3, 2, 3, 2, 2, 3, 3, 3, 2, 3, 3, 2, 2, 3, 2, 3, 2, 3, 2, 3, 3, 2, 2, 2, 3, 2, 3, 2, 3, 3, 3, 2, 2, 2, 3, 2, 3, 3, 2, 2, 3, 2, 2, 3, 3, 2, 3, 3, 2, 2, 3, 3, 2, 3, 2, 2, 3, 3, 3, 2, 2, 3, 3, 2, 3, 2, 2, 2, 0, 2, 3, 3, 3, 2, 2, 3, 2, 2, 3, 2, 2, 3, 3, 3, 2, 3, 2, 3, 2, 2, 3, 3, 2, 2, 2, 3, 2]
[3, 2, 2, 3, 3, 2, 3, 3, 2, 2, 3, 3, 2, 2, 3, 2, 2, 3, 2, 3, 3, 3, 2, 2, 3, 3, 2, 2, 2, 2, 3, 3, 2, 3, 3, 3, 2, 2, 2, 3, 2, 3, 3, 2, 2, 3, 3, 2, 3, 2, 3, 3, 2, 3, 2, 3, 2, 3, 2, 2, 2, 3, 3, 3, 2, 2, 3, 3, 3, 2, 2, 2, 0, 2, 2, 3, 3, 2, 2, 3, 3, 2, 3, 2, 3, 3, 3, 2, 3, 2, 2, 3, 3, 3, 2, 2, 2, 2, 2, 3]
[2, 3, 3, 2, 3, 2, 2, 2, 3, 3, 3, 3, 2, 2, 2, 3, 2, 3, 3, 2, 3, 3, 2, 2, 3, 2, 3, 2, 2, 3, 2, 2, 3, 3, 3, 2, 3, 2, 2, 2, 3, 3, 3, 2, 3, 2, 2, 3, 2, 2, 3, 3, 3, 2, 2, 3, 2, 2, 3, 2, 3, 2, 3, 3, 3, 2, 3, 2, 3, 3, 2, 3, 2, 0, 2, 2, 2, 3, 3, 3, 2, 2, 2, 3, 2, 2, 3, 3, 3, 3, 2, 2, 3, 2, 3, 3, 2, 3, 2, 2]
[3, 2, 3, 2, 2, 3, 2, 3, 2, 2, 3, 3, 3, 3, 2, 2, 3, 2, 2, 3, 2, 3, 3, 3, 3, 2, 2, 2, 3, 2, 2, 2, 2, 3, 3, 3, 3, 3, 2, 2, 2, 2, 3, 3, 3, 2, 2, 2, 3, 3, 2, 3, 3, 3, 3, 2, 2, 2, 3, 3, 2, 2, 2, 3, 2, 3, 3, 2, 2, 3, 3, 3, 2, 2, 0, 2, 3, 2, 3, 2, 3, 3, 2, 2, 3, 2, 3, 2, 3, 3, 3, 2, 2, 2, 2, 3, 3, 3, 2, 3]
[2, 3, 2, 3, 2, 2, 3, 3, 3, 2, 2, 2, 3, 3, 3, 3, 2, 2, 3, 2, 3, 2, 3, 3, 2, 3, 3, 2, 2, 2, 3, 2, 2, 2, 2, 3, 3, 3, 3, 3, 2, 2, 2, 3, 2, 3, 3, 2, 2, 3, 3, 2, 3, 2, 3, 3, 3, 2, 2, 3, 2, 3, 2, 2, 3, 2, 2, 3, 3, 2, 2, 3, 3, 2, 2, 0, 2, 3, 2, 3, 2, 3, 3, 3, 2, 2, 2, 3, 3, 3, 2, 3, 2, 3, 2, 2, 3, 2, 3, 2]
[3, 2, 2, 3, 3, 3, 2, 2, 2, 3, 2, 3, 3, 2, 3, 2, 3, 2, 2, 3, 2, 2, 3, 2, 3, 3, 3, 3, 2, 3, 2, 2, 3, 2, 3, 2, 2, 2, 3, 3, 3, 3, 2, 2, 3, 3, 2, 3, 2, 2, 2, 3, 2, 3, 2, 2, 3, 3, 3, 2, 3, 2, 3, 2, 2, 3, 2, 3, 3, 3, 2, 2, 3, 2, 3, 2, 0, 3, 2, 2, 3, 2, 3, 3, 2, 3, 2, 3, 2, 3, 3, 3, 2, 2, 3, 2, 2, 2, 2, 3]
[2, 3, 3, 2, 3, 2, 3, 2, 2, 3, 2, 2, 3, 3, 2, 3, 2, 3, 3, 2, 3, 2, 2, 3, 3, 2, 2, 3, 3, 2, 3, 3, 2, 2, 2, 3, 2, 3, 2, 3, 3, 2, 3, 2, 2, 3, 3, 2, 3, 2, 3, 2, 3, 3, 2, 2, 2, 3, 2, 3, 2, 3, 3, 3, 2, 2, 3, 2, 2, 3, 3, 2, 2, 3, 2, 3, 3, 0, 3, 2, 2, 3, 2, 2, 2, 3, 3, 3, 2, 2, 3, 3, 2, 3, 2, 2, 3, 2, 3, 3]
[3, 2, 3, 2, 2, 3, 3, 2, 3, 2, 2, 3, 2, 2, 3, 3, 3, 2, 2, 3, 2, 3, 2, 2, 3, 3, 3, 3, 2, 2, 2, 3, 3, 3, 2, 2, 2, 3, 3, 2, 2, 3, 2, 3, 2, 2, 3, 3, 3, 2, 3, 2, 2, 2, 3, 3, 3, 2, 2, 2, 3, 3, 2, 2, 3, 3, 3, 2, 2, 2, 3, 3, 2, 3, 3, 2, 2, 3, 0, 3, 3, 2, 2, 2, 3, 2, 3, 2, 2, 3, 3, 3, 3, 2, 2, 2, 3, 3, 2, 2]
[2, 3, 2, 3, 2, 3, 2, 3, 2, 2, 3, 2, 2, 3, 3, 3, 3, 3, 2, 2, 2, 3, 3, 2, 2, 3, 2, 2, 3, 3, 3, 2, 2, 3, 3, 2, 3, 2, 2, 3, 2, 3, 2, 3, 3, 2, 2, 2, 3, 3, 2, 3, 2, 2, 3, 3, 3, 3, 2, 2, 2, 2, 3, 3, 3, 2, 3, 2, 3, 2, 2, 2, 3, 3, 2, 3, 2, 2, 3, 0, 2, 3, 3, 3, 2, 2, 2, 2, 3, 2, 2, 3, 3, 3, 3, 3, 2, 2, 3, 2]
[3, 2, 2, 3, 3, 2, 3, 2, 3, 3, 2, 2, 2, 2, 2, 3, 3, 3, 3, 3, 2, 2, 2, 3, 2, 2, 3, 3, 3, 3, 2, 2, 2, 2, 3, 3, 3, 2, 3, 2, 3, 2, 3, 2, 2, 3, 3, 3, 2, 3, 2, 2, 3, 3, 2, 2, 2, 3, 3, 3, 2, 2, 2, 3, 3, 2, 2, 3, 2, 3, 3, 2, 3, 2, 3, 2, 3, 2, 3, 2, 0, 3, 2, 2, 3, 3, 2, 2, 3, 2, 2, 2, 3, 3, 3, 3, 2, 3, 2, 2]
[2, 3, 3, 2, 3, 2, 2, 3, 2, 3, 3, 3, 2, 2, 3, 2, 2, 2, 3, 3, 3, 2, 3, 3, 2, 2, 2, 3, 2, 3, 3, 3, 3, 2, 2, 2, 3, 2, 3, 2, 3, 3, 2, 2, 3, 2, 3, 3, 2, 3, 2, 3, 2, 2, 2, 2, 3, 3, 3, 2, 2, 3, 2, 2, 3, 3, 3, 2, 3, 2, 2, 3, 2, 2, 3, 3, 2, 3, 2, 3, 3, 0, 2, 3, 2, 2, 3, 3, 2, 2, 3, 2, 2, 3, 3, 2, 3, 3, 2, 3]
[3, 2, 3, 2, 2, 3, 2, 3, 3, 2, 3, 2, 3, 3, 2, 2, 2, 3, 2, 2, 3, 3, 3, 2, 3, 2, 3, 2, 2, 3, 2, 3, 2, 3, 2, 3, 2, 3, 2, 2, 3, 2, 3, 3, 3, 3, 2, 2, 3, 2, 3, 2, 3, 2, 3, 3, 2, 2, 2, 3, 3, 2, 2, 2, 2, 3, 3, 3, 3, 2, 3, 2, 3, 2, 2, 3, 3, 2, 2, 3, 2, 2, 0, 3, 3, 3, 2, 2, 3, 3, 2, 2, 2, 2, 3, 3, 3, 2, 3, 3]
[2, 3, 2, 3, 2, 3, 3, 2, 2, 3, 3, 3, 2, 2, 2, 2, 3, 2, 3, 3, 3, 2, 2, 3, 2, 3, 2, 2, 3, 2, 3, 3, 3, 2, 3, 3, 2, 2, 2, 2, 2, 3, 3, 3, 2, 3, 2, 2, 3, 2, 3, 3, 2, 3, 2, 3, 2, 2, 3, 2, 3, 3, 3, 2, 2, 3, 2, 3, 2, 3, 3, 2, 2, 3, 2, 3, 3, 2, 2, 3, 2, 3, 3, 0, 2, 2, 3, 3, 2, 3, 2, 2, 3, 2, 3, 3, 2, 3, 2, 2]
[3, 2, 2, 3, 3, 2, 3, 3, 2, 2, 2, 3, 3, 3, 2, 2, 2, 3, 2, 2, 3, 3, 3, 2, 2, 3, 3, 3, 2, 2, 2, 3, 3, 2, 3, 2, 3, 2, 3, 3, 2, 2, 2, 3, 2, 2, 3, 3, 2, 3, 3, 2, 3, 3, 2, 2, 2, 2, 3, 3, 3, 2, 3, 2, 2, 2, 3, 3, 2, 3, 2, 3, 3, 2, 3, 2, 2, 2, 3, 2, 3, 2, 3, 2, 0, 3, 2, 3, 2, 3, 3, 3, 2, 2, 2, 3, 3, 2, 3, 2]
[2, 3, 3, 2, 3, 2, 2, 2, 3, 3, 3, 2, 3, 2, 3, 3, 2, 2, 2, 3, 2, 3, 2, 3, 3, 2, 2, 3, 3, 2, 3, 2, 3, 3, 2, 2, 2, 3, 2, 3, 2, 3, 2, 2, 3, 3, 2, 3, 2, 3, 2, 2, 3, 3, 3, 2, 3, 3, 2, 2, 2, 2, 3, 3, 3, 2, 2, 2, 3, 3, 3, 3, 3, 2, 2, 2, 3, 3, 2, 2, 3, 2, 3, 2, 3, 0, 2, 2, 3, 2, 3, 3, 3, 2, 2, 2, 2, 3, 3, 3]
[3, 2, 3, 2, 2, 3, 3, 2, 3, 2, 2, 3, 2, 3, 3, 3, 2, 2, 3, 2, 2, 3, 2, 3, 3, 3, 2, 2, 3, 3, 2, 2, 2, 3, 3, 3, 2, 3, 3, 2, 3, 2, 2, 2, 3, 2, 3, 2, 3, 2, 2, 3, 2, 3, 3, 3, 2, 2, 2, 3, 3, 3, 2, 2, 3, 2, 2, 3, 3, 2, 2, 3, 3, 3, 3, 2, 2, 3, 3, 2, 2, 3, 2, 3, 2, 2, 0, 3, 3, 2, 2, 2, 3, 3, 2, 3, 2, 3, 3, 2]
[2, 3, 2, 3, 2, 2, 3, 3, 2, 3, 3, 2, 3, 2, 3, 2, 3, 3, 2, 2, 2, 2, 3, 2, 3, 3, 3, 2, 2, 3, 3, 2, 3, 2, 2, 3, 3, 2, 2, 3, 3, 3, 2, 2, 2, 2, 3, 3, 3, 2, 3, 3, 2, 2, 2, 3, 3, 3, 2, 2, 2, 3, 2, 3, 2, 3, 2, 2, 3, 3, 3, 2, 2, 3, 2, 3, 3, 3, 2, 2, 2, 3, 2, 3, 3, 2, 3, 0, 2, 2, 3, 2, 2, 3, 3, 2, 3, 2, 2, 3]
[3, 2, 2, 3, 3, 3, 2, 2, 3, 2, 2, 3, 3, 3, 2, 2, 3, 2, 3, 2, 3, 2, 2, 3, 2, 2, 3, 3, 3, 2, 2, 3, 2, 3, 2, 3, 3, 2, 3, 2, 2, 2, 3, 3, 3, 3, 2, 2, 2, 3, 2, 3, 3, 2, 2, 3, 3, 3, 2, 2, 3, 2, 3, 2, 2, 3, 2, 3, 2, 2, 2, 3, 3, 3, 3, 3, 2, 2, 2, 3, 3, 2, 3, 2, 2, 3, 3, 2, 0, 3, 2, 3, 2, 2, 3, 2, 3, 3, 2, 3]
[2, 3, 3, 2, 3, 2, 2, 3, 2, 2, 3, 2, 2, 3, 3, 3, 3, 3, 2, 3, 2, 2, 3, 2, 2, 3, 2, 3, 2, 3, 3, 2, 2, 3, 3, 2, 2, 3, 3, 2, 2, 3, 3, 2, 2, 3, 2, 3, 2, 3, 2, 2, 3, 3, 3, 2, 2, 2, 3, 3, 3, 3, 2, 2, 2, 3, 3, 2, 2, 3, 2, 2, 2, 3, 3, 3, 3, 2, 3, 2, 2, 2, 3, 3, 3, 2, 2, 2, 3, 0, 3, 3, 3, 2, 2, 2, 2, 3, 3, 3]
[3, 2, 3, 2, 2, 3, 3, 3, 2, 3, 2, 2, 2, 2, 3, 3, 2, 3, 3, 2, 3, 3, 2, 2, 3, 2, 2, 3, 3, 2, 2, 3, 3, 2, 3, 2, 3, 3, 2, 3, 2, 2, 3, 2, 2, 2, 3, 2, 3, 2, 3, 3, 2, 3, 3, 2, 3, 2, 3, 2, 2, 3, 3, 3, 2, 2, 2, 3, 2, 2, 3, 3, 2, 2, 3, 2, 3, 3, 3, 2, 2, 3, 2, 2, 3, 3, 2, 3, 2, 3, 0, 3, 2, 3, 2, 2, 2, 2, 3, 2]
[2, 3, 2, 3, 2, 3, 2, 2, 3, 3, 2, 3, 2, 3, 2, 2, 3, 2, 3, 3, 2, 3, 3, 2, 2, 2, 3, 2, 3, 3, 3, 2, 2, 2, 3, 3, 2, 3, 2, 3, 3, 2, 3, 2, 3, 2, 2, 3, 3, 2, 3, 2, 2, 2, 3, 3, 3, 3, 2, 3, 2, 2, 2, 3, 3, 2, 3, 2, 3, 2, 2, 2, 3, 2, 2, 3, 3, 3, 3, 3, 2, 2, 2, 2, 3, 3, 2, 2, 3, 3, 3, 0, 3, 2, 3, 3, 2, 2, 2, 2]
[3, 2, 2, 3, 3, 2, 3, 3, 2, 2, 3, 2, 3, 2, 2, 3, 2, 3, 2, 3, 3, 2, 3, 3, 2, 2, 3, 2, 2, 3, 2, 3, 3, 3, 2, 2, 2, 3, 3, 2, 3, 3, 2, 3, 2, 2, 3, 2, 2, 2, 3, 3, 3, 2, 2, 3, 2, 3, 3, 2, 2, 3, 3, 3, 3, 2, 2, 2, 2, 3, 3, 2, 3, 3, 2, 2, 2, 2, 3, 3, 3, 2, 2, 3, 2, 3, 3, 2, 2, 3, 2, 3, 0, 3, 3, 3, 2, 2, 2, 3]
[2, 3, 3, 2, 3, 2, 2, 2, 3, 3, 2, 3, 3, 2, 2, 3, 2, 3, 3, 2, 3, 2, 2, 3, 3, 3, 2, 2, 2, 2, 3, 3, 3, 2, 2, 3, 3, 2, 3, 2, 2, 3, 2, 3, 3, 3, 2, 2, 3, 3, 2, 2, 2, 3, 2, 2, 3, 2, 3, 3, 3, 2, 2, 3, 2, 3, 3, 2, 3, 2, 2, 3, 3, 2, 2, 3, 2, 3, 2, 3, 3, 3, 2, 2, 2, 2, 3, 3, 2, 2, 3, 2, 3, 0, 3, 3, 2, 3, 3, 2]
[3, 2, 3, 2, 2, 3, 2, 3, 3, 2, 3, 2, 2, 3, 3, 2, 3, 2, 3, 2, 2, 3, 2, 3, 3, 3, 2, 3, 2, 2, 2, 2, 3, 3, 3, 2, 3, 2, 2, 3, 3, 2, 3, 2, 2, 3, 3, 3, 2, 2, 2, 2, 3, 3, 3, 2, 2, 3, 2, 3, 3, 2, 3, 2, 3, 2, 3, 3, 2, 2, 2, 3, 2, 3, 2, 2, 3, 2, 2, 3, 3, 3, 3, 3, 2, 2, 2, 3, 3, 2, 2, 3, 3, 3, 0, 2, 3, 2, 2, 3]
[2, 3, 2, 3, 2, 3, 3, 2, 2, 2, 3, 3, 3, 3, 2, 2, 2, 2, 3, 3, 2, 3, 3, 2, 3, 2, 3, 2, 3, 2, 3, 2, 2, 3, 2, 3, 2, 3, 2, 3, 3, 2, 2, 3, 3, 2, 2, 3, 3, 3, 2, 2, 2, 2, 2, 3, 3, 2, 3, 2, 3, 3, 2, 3, 2, 3, 3, 2, 2, 3, 3, 2, 2, 3, 3, 2, 2, 2, 2, 3, 3, 2, 3, 3, 3, 2, 3, 2, 2, 2, 2, 3, 3, 3, 2, 0, 3, 2, 3, 3]
[3, 2, 2, 3, 3, 2, 3, 3, 2, 2, 2, 3, 2, 2, 3, 3, 3, 2, 2, 3, 3, 2, 3, 2, 2, 3, 3, 3, 2, 2, 2, 3, 2, 2, 3, 3, 3, 2, 3, 2, 2, 3, 3, 2, 3, 3, 2, 2, 3, 2, 3, 3, 2, 2, 3, 2, 2, 3, 2, 3, 2, 3, 3, 2, 3, 3, 2, 3, 3, 2, 3, 2, 2, 2, 3, 3, 2, 3, 3, 2, 2, 3, 3, 2, 3, 2, 2, 3, 3, 2, 2, 2, 2, 2, 3, 3, 0, 3, 3, 2]
[2, 3, 3, 2, 3, 2, 2, 2, 3, 3, 3, 2, 2, 3, 2, 3, 2, 3, 2, 3, 3, 3, 2, 2, 2, 3, 2, 3, 3, 3, 2, 2, 2, 2, 3, 2, 3, 3, 3, 3, 2, 2, 2, 3, 2, 3, 2, 2, 3, 3, 3, 3, 2, 2, 2, 2, 3, 2, 3, 2, 3, 3, 2, 3, 2, 3, 3, 3, 2, 3, 2, 2, 2, 3, 3, 2, 2, 2, 3, 2, 3, 3, 2, 3, 2, 3, 3, 2, 3, 3, 2, 2, 2, 3, 2, 2, 3, 0, 2, 3]
[3, 2, 3, 2, 2, 3, 3, 3, 2, 3, 2, 2, 3, 2, 3, 2, 3, 3, 2, 2, 2, 3, 3, 3, 2, 2, 3, 2, 3, 3, 3, 2, 2, 2, 2, 3, 2, 2, 3, 3, 2, 3, 3, 2, 2, 2, 3, 3, 2, 3, 2, 3, 3, 2, 3, 2, 2, 3, 2, 2, 3, 2, 3, 2, 3, 2, 3, 3, 3, 2, 3, 3, 2, 2, 2, 3, 2, 3, 2, 3, 2, 2, 3, 2, 3, 3, 3, 2, 2, 3, 3, 2, 2, 3, 2, 3, 3, 2, 0, 3]
[2, 3, 2, 3, 2, 2, 3, 3, 3, 2, 3, 3, 2, 2, 2, 3, 3, 2, 3, 2, 3, 2, 2, 3, 3, 2, 3, 2, 2, 3, 3, 3, 3, 2, 2, 2, 2, 3, 2, 2, 3, 3, 2, 3, 3, 2, 3, 2, 2, 2, 3, 2, 3, 3, 2, 3, 3, 2, 3, 3, 2, 2, 2, 3, 3, 2, 2, 3, 3, 3, 2, 2, 3, 2, 3, 2, 3, 3, 2, 2, 2, 3, 3, 2, 2, 3, 2, 3, 3, 3, 2, 2, 3, 2, 3, 3, 2, 3, 3, 0]
==================answer  over =====================
106845
