122538.28125
122538.28125
122535.25
122535.25
122535.25
122526.25
122526.25
122523.28125
122523.28125
122520.3125
122520.3125
122520.1875
122511.375
122511.375
122502.5625
122502.5625
122499.78125
122499.65625
122497.0
122497.0
122494.59375
122494.59375
122494.21875
122485.71875
122485.59375
122477.21875
122477.21875
122469.09375
122469.09375
122466.625
122466.25
122464.03125
122463.90625
122462.0625
122462.0625
122460.71875
122460.71875
122459.96875
122451.90625
122451.53125
122443.71875
122443.59375
122436.15625
122436.15625
122429.21875
122429.21875
122427.1875
122426.4375
122424.78125
122424.40625
122423.25
122423.125
122422.59375
122422.59375
122422.375
122416.8125
122415.6875
122408.0625
122407.4375
122400.1875
122399.9375
122393.1875
122393.1875
122387.0625
122381.5625
122375.8125
122375.8125
122374.09375
122373.09375
122371.875
122371.375
122370.78125
122370.65625
122370.5
122364.9375
122362.96875
122362.71875
122358.5
122358.5
122357.125
122349.8125
122349.0625
122342.25
122342.0
122335.8125
122330.1875
122324.5
122324.25
122320.8125
122315.3125
122312.625
122307.25
122305.71875
122304.59375
122303.6875
122303.1875
122303.03125
122303.03125
122302.625
122302.625
122296.84375
122291.53125
122289.25
122289.25
122288.09375
122282.28125
122280.53125
122273.65625
122272.65625
122266.40625
122266.03125
122260.53125
122260.40625
122254.53125
122254.40625
122253.53125
122253.40625
122248.78125
122248.03125
122247.65625
122242.40625
122241.4375
122239.8125
122239.59375
122238.71875
122238.0625
122233.125
122232.03125
122231.53125
122229.6875
122224.375
122223.53125
122223.28125
122222.5625
122222.0625
122210.28125
122210.28125
122208.03125
122201.71875
122200.34375
122194.78125
122189.40625
122183.46875
122182.59375
122176.28125
122176.28125
122175.21875
122174.59375
122174.40625
122169.15625
122165.59375
122164.84375
122159.65625
122159.65625
122159.125
122157.125
122156.78125
122152.84375
122151.1875
122150.3125
122149.53125
122148.53125
122147.125
122141.5625
122136.40625
122131.34375
122129.5625
122129.4375
122127.78125
122127.28125
122127.25
122126.75
122124.0
122118.25
122113.75
122108.125
122106.625
122099.875
122098.5
122092.5
122092.0
122091.375
122091.125
122085.75
122085.5
122083.0
122076.875
122075.875
122075.375
122071.375
122065.875
122065.65625
122063.40625
122063.3125
122062.4375
122062.15625
122057.46875
122057.25
122056.5
122055.90625
122050.59375
122045.625
122040.1875
122035.34375
122030.28125
122028.5625
122023.0
122011.59375
122010.84375
122006.375
122001.4375
121998.6875
121993.0
121991.625
121986.1875
121981.1875
121975.5
121974.375
121968.9375
121968.8125
121968.625
121962.75
121961.8125
121961.3125
121958.875
121958.75
121958.4375
121953.1875
121953.0
121946.875
121943.4375
121943.4375
121943.28125
121941.03125
121940.8125
121936.875
121935.84375
121934.96875
121934.9375
121933.8125
121933.53125
121932.90625
121923.1875
121916.125
121912.09375
121906.15625
121901.75
121897.1875
121895.78125
121895.03125
121892.625
121892.375
121889.46875
121889.46875
121886.59375
121881.09375
121876.59375
121871.09375
121869.84375
121863.46875
121861.84375
121856.71875
121856.21875
121855.21875
121855.09375
121849.71875
121849.59375
121847.84375
121847.21875
121840.84375
121840.09375
121833.59375
121833.09375
121830.21875
121823.84375
121822.46875
121818.21875
121818.1875
121815.875
121814.15625
121812.03125
121810.1875
121808.6875
121808.21875
121806.34375
121806.0
121800.5625
121796.09375
121791.15625
121789.1875
121783.25
121778.40625
121773.71875
121773.125
121772.75
121768.65625
121762.96875
121760.0
121758.5
121756.15625
121750.96875
121747.84375
121742.65625
121739.65625
121732.96875
121730.96875
121723.90625
121721.65625
121715.96875
121714.46875
121713.90625
121713.53125
121708.59375
121708.09375
121704.65625
121703.40625
121702.84375
121702.46875
121702.40625
121697.03125
121692.59375
121691.96875
121687.65625
121681.90625
121678.59375
121678.59375
121678.4375
121676.3125
121676.28125
121675.28125
121675.25
121675.0
121672.78125
121668.46875
121668.4375
121662.0
121658.34375
121653.03125
121649.125
121644.1875
121642.40625
121636.71875
121631.1875
121625.875
121624.21875
121622.84375
121614.375
121613.875
121609.96875
121607.84375
121604.0625
121604.0625
121601.1875
121595.8125
121594.1875
121588.9375
121588.0625
121582.9375
121578.0625
121570.8125
121569.0625
121568.4375
121568.3125
121563.1875
121563.0625
121560.3125
121559.8125
121552.8125
121551.5625
121550.8125
121545.1875
121541.9375
121541.6875
121540.3125
121534.6875
121531.0625
121525.1875
121522.9375
121518.4375
121518.40625
121516.21875
121515.0
121512.5
121511.28125
121509.78125
121509.4375
121508.0625
121507.15625
121506.28125
121503.5625
121498.5
121496.53125
121491.34375
121487.0
121482.4375
121481.34375
121480.96875
121473.1875
121468.0
121465.28125
121459.09375
121455.875
121455.25
121453.40625
121451.90625
121449.1875
121443.75
121440.625
121435.5625
121432.3125
121426.0
121423.75
121417.5625
121415.8125
121410.25
121406.5
121401.3125
121396.5625
121394.875
121393.75
121390.4375
121390.3125
121389.625
121384.875
121384.6875
121383.6875
121380.75
121380.375
121376.8125
121374.4375
121370.875
121365.75
121363.8125
121359.8125
121357.125
121357.125
121356.96875
121354.96875
121354.9375
121354.0625
121353.46875
121349.40625
121349.375
121348.5
121346.90625
121341.96875
121338.1875
121338.0625
121335.65625
121330.84375
121327.3125
121327.1875
121323.65625
121322.78125
121320.625
121314.6875
121312.15625
121307.21875
121302.3125
121299.5
121296.84375
121296.34375
121295.8125
121292.9375
121291.78125
121291.78125
121289.03125
121283.65625
121282.28125
121276.90625
121272.15625
121266.53125
121264.90625
121260.03125
121255.90625
121251.28125
121251.03125
121240.53125
121240.15625
121239.90625
121239.65625
121237.90625
121232.03125
121225.40625
121220.90625
121216.28125
121214.65625
121211.90625
121209.78125
121207.90625
121206.03125
121205.28125
121198.78125
121196.53125
121189.90625
121185.78125
121181.53125
121181.1875
121179.4375
121179.09375
121178.84375
121178.4375
121174.75
121174.21875
121170.65625
121170.4375
121169.5625
121167.59375
121166.96875
121163.375
121157.8125
121154.09375
121148.53125
121146.1875
121144.4375
121140.09375
121139.09375
121135.875
121129.1875
121126.21875
121118.90625
121114.5625
121108.0
121105.28125
121104.40625
121101.9375
121098.9375
121095.09375
121089.90625
121087.15625
121081.84375
121080.59375
121075.40625
121071.15625
121065.59375
121061.34375
121055.90625
121053.40625
121045.96875
121045.71875
121044.40625
121040.03125
121036.46875
121035.71875
121030.28125
121030.03125
121028.59375
121022.84375
121020.15625
121016.40625
121014.21875
121013.21875
121010.78125
121009.78125
121006.09375
121004.96875
121003.53125
120998.28125
120996.21875
120990.84375
120987.53125
120987.03125
120986.875
120985.0
120984.78125
120981.21875
120980.4375
120979.1875
120979.09375
120975.90625
120975.8125
120971.5
120967.34375
120961.53125
120958.5
120958.125
120954.96875
120950.78125
120947.75
120944.1875
120941.15625
120940.15625
120933.6875
120926.375
120923.96875
120918.40625
120917.625
120913.3125
120910.65625
120907.46875
120905.4375
120905.1875
120903.53125
120902.78125
120896.4375
120890.875
120888.375
120882.875
120878.75
120873.25
120871.375
120865.5
120861.75
120856.625
120853.25
120850.125
120850.0
120848.125
120848.0
120839.25
120838.875
120836.0
120834.75
120833.625
120832.25
120831.25
120829.75
120826.0
120825.375
120820.875
120819.625
120816.125
120814.875
120812.0
120808.875
120805.75
120798.75
120798.0
120797.0
120795.0
120794.5
120793.90625
120792.53125
120792.125
120789.0625
120788.21875
120787.59375
120787.5625
120785.125
120784.78125
120784.15625
120781.0625
120775.75
120772.40625
120771.28125
120768.4375
120764.375
120762.15625
120754.71875
120752.5
120747.1875
120745.59375
120736.53125
120731.4375
120726.875
120723.78125
120718.21875
120716.625
120710.5625
120706.46875
120701.53125
120697.3125
120696.9375
120693.84375
120688.40625
120685.1875
120684.6875
120682.1875
120676.75
120672.75
120667.4375
120665.8125
120660.25
120657.0
120652.1875
120649.5625
120642.25
120641.875
120638.3125
120637.8125
120629.625
120628.75
120626.0625
120625.3125
120620.75
120619.625
120617.8125
120616.6875
120614.375
120613.625
120613.3125
120609.4375
120604.5
120604.125
120601.0625
120599.5625
120597.875
120596.5
120595.0625
120587.5625
120585.625
120583.875
120581.1875
120577.3125
120576.65625
120575.40625
120574.9375
120572.25
120571.71875
120571.34375
120570.9375
120569.1875
120567.84375
120563.28125
120560.25
120555.1875
120554.28125
120554.15625
120550.25
120544.6875
120541.03125
120537.59375
120533.9375
120528.625
120522.21875
120517.03125
120514.75
120514.5
120510.59375
120509.09375
120503.125
120499.625
120498.46875
120493.15625
120491.4375
120491.3125
120488.53125
120484.28125
120483.125
120478.3125
120476.65625
120472.34375
120470.09375
120464.46875
120460.59375
120455.46875
120454.46875
120448.84375
120446.21875
120441.09375
120437.34375
120433.21875
120432.84375
120430.34375
120430.09375
120427.84375
120421.34375
120418.34375
120416.84375
120413.34375
120412.09375
120411.59375
120410.71875
120408.34375
120408.34375
120407.09375
120399.96875
120395.09375
120393.59375
120388.34375
120381.21875
120378.46875
120372.59375
120363.46875
120360.84375
120359.71875
120354.34375
120353.46875
120353.46875
120348.34375
120347.34375
120346.5
120345.5
120345.46875
120342.65625
120341.9375
120341.5625
120336.09375
120331.96875
120331.875
120331.5
120329.53125
120324.34375
120320.75
120315.1875
120312.71875
120310.71875
120310.0
120306.8125
120304.96875
120298.53125
120294.9375
120292.75
120289.53125
120284.09375
120279.75
120277.75
120274.78125
120271.34375
120267.125
120266.5
120262.65625
120257.34375
120254.375
120247.5625
120245.09375
120242.09375
120237.5
120233.1875
120233.09375
120232.59375
120230.59375
120224.78125
120220.90625
120216.09375
120215.46875
120215.15625
120206.40625
120199.09375
120196.84375
120189.78125
120189.65625
120187.46875
120185.71875
120183.90625
120183.65625
120179.84375
120174.59375
120173.78125
120167.03125
120161.59375
120161.34375
120157.40625
120156.53125
120154.59375
120154.21875
120151.28125
120144.03125
120140.96875
120139.71875
120135.90625
120130.78125
120127.59375
120126.84375
120121.78125
120121.53125
120118.46875
120116.34375
120114.90625
120112.90625
120108.46875
120107.96875
120106.6875
120106.1875
120105.78125
120105.15625
120104.375
120104.25
120102.28125
120098.84375
120097.625
120093.1875
120089.53125
120085.71875
120083.5625
120078.75
120075.46875
120070.78125
120067.125
120061.6875
120059.65625
120059.15625
120058.5
120053.5625
120051.65625
120046.21875
120042.4375
120035.0
120033.71875
120032.21875
120031.0625
120025.5
120019.59375
120017.59375
120014.8125
120012.125
120010.71875
120005.78125
119998.5
119995.0
119993.78125
119989.46875
119987.4375
119987.4375
119985.8125
119979.6875
119977.9375
119972.8125
119972.3125
119967.0625
119962.9375
119956.1875
119952.3125
119948.5625
119947.8125
119944.3125
119943.3125
119942.3125
119937.6875
119933.8125
119932.4375
119930.9375
119929.4375
119922.8125
119922.6875
119920.3125
119919.8125
119916.3125
119914.8125
119912.8125
119912.8125
119910.3125
119903.8125
119899.5625
119898.6875
119889.3125
119888.9375
119885.1875
119883.1875
119878.0625
119876.5625
119872.1875
119862.4375
119860.3125
119860.0625
119851.0625
119850.0625
119848.84375
119848.34375
119848.0
119847.625
119847.28125
119847.03125
119839.9375
119837.4375
119836.03125
119831.46875
119829.0
119822.9375
119822.21875
119821.46875
119811.8125
119804.875
119802.15625
119795.09375
119793.625
119793.625
119789.53125
119784.46875
119781.625
119776.8125
119773.96875
119770.28125
119766.1875
119759.0
119756.03125
119755.03125
119745.75
119742.0625
119738.21875
119731.53125
119729.9375
119726.0
119724.28125
119717.71875
119716.375
119708.5625
119703.59375
119700.84375
119694.6875
119691.25
119689.375
119683.5625
119682.0625
119677.0
119676.625
119675.5625
119666.3125
119660.0
119656.25
119652.5625
119652.4375
119650.125
119649.25
119648.5625
119647.6875
119645.0
119644.0
119640.0625
119639.1875
119639.0
119632.5
119628.1875
119626.3125
119623.125
119622.625
119621.4375
119618.6875
119618.5
119618.0
119615.5625
119614.0625
119610.75
119609.875
119607.6875
119605.6875
119603.875
119602.25
119600.3125
119598.5625
119598.125
119597.375
119593.9375
119593.1875
119587.5
119587.0
119585.84375
119585.34375
119585.0625
119584.9375
119584.53125
119584.40625
119582.9375
119579.125
119578.65625
119574.71875
119572.6875
119566.5
119566.03125
119565.28125
119555.8125
119554.6875
119551.40625
119547.09375
119545.6875
119539.5
119537.84375
119537.34375
119529.5
119529.375
119528.71875
119524.15625
119518.25
119513.3125
119511.15625
119502.34375
119499.1875
119492.5
119490.59375
119485.03125
119481.5
119475.1875
119473.84375
119471.09375
119464.0625
119460.75
119457.59375
119450.53125
119447.125
119443.0625
119439.90625
119439.40625
119437.65625
119431.78125
119430.40625
119425.53125
119425.15625
119423.65625
119421.53125
119413.65625
119410.15625
119407.15625
119406.65625
119405.03125
119400.40625
119395.65625
119395.53125
119393.53125
119387.40625
119381.90625
119380.53125
119379.03125
119378.78125
119375.15625
119374.90625
119371.40625
119367.40625
119363.28125
119362.65625
119359.65625
119358.03125
119355.15625
119354.15625
119353.40625
119351.28125
119349.03125
119348.15625
119347.90625
119338.65625
119338.03125
119335.90625
119326.78125
119326.53125
119325.28125
119321.90625
119321.53125
119315.53125
119315.15625
119312.65625
119311.3125
119311.0625
119310.96875
119310.96875
119305.375
119301.4375
119295.53125
119294.78125
119294.0
119290.1875
119289.46875
119283.65625
119282.6875
119281.8125
119278.84375
119272.03125
119268.8125
119267.9375
119266.09375
119260.15625
119257.3125
119254.0
119251.65625
119246.59375
119245.125
119241.5
119237.65625
119231.84375
119231.0
119224.6875
119223.46875
119219.03125
119217.6875
119209.625
119206.03125
119198.96875
119193.875
119191.25
119185.96875
119183.53125
119182.8125
119179.9375
119173.84375
119169.78125
119166.9375
119162.25
119160.15625
119150.78125
119149.15625
119143.21875
119141.84375
119137.28125
119137.03125
119132.46875
119128.71875
119127.65625
119125.03125
119119.71875
119119.59375
119117.28125
119115.53125
119114.84375
119108.46875
119107.65625
119107.15625
119102.21875
119099.59375
119098.03125
119097.65625
119093.71875
119092.71875
119092.15625
119085.78125
119083.59375
119077.71875
119077.65625
119077.28125
119072.46875
119072.21875
119070.40625
119068.53125
119068.21875
119066.09375
119062.03125
119061.53125
119060.21875
119058.09375
119055.53125
119052.28125
119049.09375
119043.21875
119040.90625
119040.15625
119035.59375
119034.59375
119033.78125
119031.65625
119030.375
119030.125
119030.03125
119026.84375
119022.3125
119018.25
119017.34375
119016.34375
119011.25
119010.75
119009.71875
119003.65625
119003.5625
119002.9375
118994.21875
118988.03125
118986.75
118984.75
118982.21875
118978.03125
118974.75
118967.6875
118965.78125
118965.40625
118961.375
118959.0
118958.84375
118958.21875
118953.9375
118948.25
118946.59375
118942.03125
118939.5
118934.9375
118933.15625
118928.09375
118927.8125
118922.5
118919.78125
118918.03125
118914.5
118908.1875
118907.40625
118906.90625
118905.75
118900.3125
118896.53125
118889.21875
118889.0
118888.5
118886.625
118881.0
118876.625
118871.875
118871.5
118868.375
118864.75
118858.375
118854.875
118852.75
118847.125
118846.25
118840.75
118837.125
118836.0
118835.625
118835.5
118828.25
118827.875
118827.5
118826.25
118824.75
118823.375
118819.625
118813.375
118809.75
118802.5
118799.375
118793.5
118789.75
118788.5
118787.5
118783.25
118780.875
118780.75
118778.875
118777.875
118770.875
118767.875
118761.0
118754.875
118754.75
118750.25
118741.75
118741.0
118734.875
118733.5
118732.25
118728.125
118722.125
118717.125
118715.90625
118715.65625
118715.5625
118715.4375
118704.78125
118703.03125
118702.75
118699.0625
118698.65625
118694.71875
118689.625
118688.0
118681.96875
118675.40625
118672.9375
118664.5
118662.28125
118659.28125
118657.9375
118652.75
118652.03125
118646.21875
118641.5
118637.8125
118633.46875
118632.21875
118628.75
118627.375
118624.03125
118623.78125
118623.75
118619.5625
118618.71875
118618.34375
118611.6875
118608.4375
118605.96875
118598.15625
118596.1875
118595.0625
118589.71875
118585.96875
118579.5625
118575.875
118574.65625
118569.59375
118565.0
118554.8125
118550.71875
118549.21875
118549.1875
118545.6875
118544.0625
118538.25
118536.75
118535.4375
118529.4375
118520.75
118517.5
118513.8125
118511.5625
118510.5
118510.125
118509.3125
118509.0625
118507.875
118507.125
118505.1875
118504.0625
118497.375
118497.375
118490.1875
118489.6875
118489.0
118484.0
118480.0625
118479.8125
118477.5
118473.75
118468.8125
118461.5625
118460.75
118460.0
118455.9375
118454.5625
118454.0
118453.375
118445.0625
118444.6875
118441.125
118438.875
118432.8125
118432.0625
118427.125
118424.25
118420.5625
118419.1875
118418.125
118418.0
118412.0625
118410.9375
118407.25
118404.5
118398.5625
118393.6875
118392.40625
118392.28125
118392.0625
118388.875
118384.59375
118380.15625
118379.5
118379.0
118377.78125
118373.34375
118373.1875
118368.375
118368.15625
118367.28125
118365.0
118359.1875
118358.03125
118355.78125
118349.75
118342.9375
118340.28125
118339.90625
118338.125
118336.75
118329.90625
118327.90625
118327.125
118326.5
118320.65625
118313.21875
118306.75
118305.75
118298.78125
118298.15625
118291.0625
118286.25
118284.96875
118277.53125
118276.625
118275.625
118267.59375
118262.90625
118257.125
118251.3125
118249.53125
118243.84375
118242.5625
118237.75
118232.59375
118224.78125
118216.0625
118213.3125
118211.40625
118205.59375
118203.96875
118198.21875
118193.71875
118189.84375
118189.59375
118188.96875
118186.21875
118180.21875
118176.84375
118174.71875
118174.59375
118174.21875
118164.84375
118162.34375
118157.71875
118152.71875
118152.46875
118150.71875
118145.59375
118145.46875
118144.71875
118142.34375
118137.96875
118134.59375
118133.59375
118129.46875
118125.46875
118122.34375
118120.34375
118119.09375
118116.21875
118112.34375
118112.09375
118108.84375
118107.21875
118101.59375
118101.59375
118100.34375
118092.59375
118091.84375
118091.59375
118087.34375
118085.09375
118083.96875
118083.34375
118077.46875
118076.09375
118075.21875
118073.71875
118069.59375
118064.09375
118061.59375
118056.84375
118049.46875
118046.96875
118045.75
118045.625
118045.46875
118042.40625
118040.8125
118035.875
118035.53125
118035.28125
118029.1875
118028.3125
118026.84375
118026.21875
118021.375
118015.3125
118011.34375
118010.59375
118000.8125
117997.3125
117994.84375
117994.71875
117992.0
117988.3125
117985.09375
117983.59375
117982.5
117976.8125
117973.09375
117972.96875
117970.875
117965.1875
117962.21875
117961.21875
117953.6875
117952.4375
117949.09375
117942.53125
117942.0
117935.5625
117934.71875
117929.28125
117921.375
117920.0
117919.46875
117919.21875
117915.875
117915.5625
117910.09375
117897.78125
117894.3125
117885.125
117881.40625
117880.28125
117879.625
117875.5625
117874.46875
117872.96875
117870.96875
117865.65625
117861.15625
117857.46875
117857.21875
117856.78125
117854.90625
117854.71875
117845.84375
117835.03125
117834.78125
117833.84375
117831.21875
117827.53125
117827.03125
117825.84375
117825.21875
117819.15625
117818.78125
117808.84375
117808.46875
117807.03125
117806.90625
117806.59375
117800.96875
117800.90625
117798.90625
117796.96875
117790.46875
117787.40625
117787.03125
117782.71875
117781.09375
117778.90625
117775.65625
117773.46875
117767.71875
117763.53125
117762.65625
117760.34375
117753.46875
117751.15625
117749.53125
117742.84375
117739.09375
117737.53125
117733.28125
117730.71875
117729.96875
117727.15625
117727.03125
117717.09375
117711.21875
117707.78125
117703.03125
117700.84375
117695.59375
117694.5625
117694.3125
117693.65625
117693.15625
117688.25
117680.8125
117680.78125
117680.65625
117680.375
117679.375
117672.15625
117671.78125
117664.6875
117657.5
117655.84375
117651.78125
117650.5625
117646.875
117644.46875
117644.21875
117640.8125
117637.25
117635.59375
117628.15625
117623.0
117621.875
117620.34375
117615.65625
117611.125
117609.25
117608.90625
117607.78125
117605.0
117594.6875
117589.03125
117586.40625
117581.4375
117575.75
117569.46875
117564.53125
117563.5
117562.0
117556.15625
117550.96875
117545.8125
117541.625
117540.34375
117536.28125
117530.125
117529.3125
117528.28125
117526.40625
117525.5
117523.375
117513.53125
117507.71875
117507.25
117504.6875
117502.8125
117497.4375
117496.4375
117496.0625
117484.5625
117483.0625
117480.9375
117475.0625
117473.0625
117470.4375
117470.3125
117468.1875
117465.0625
117462.6875
117462.5625
117455.6875
117451.6875
117444.8125
117444.3125
117439.4375
117434.1875
117429.8125
117428.0625
117427.5625
117427.4375
117422.8125
117417.4375
117416.3125
117414.5625
117411.5625
117402.5625
117399.8125
117396.3125
117392.6875
117392.1875
117387.3125
117386.3125
117383.6875
117380.0625
117377.1875
117376.3125
117367.9375
117362.8125
117361.3125
117360.4375
117360.4375
117360.0625
117355.3125
117354.0625
117352.4375
117352.3125
117351.3125
117342.0625
117337.8125
117331.9375
117328.9375
117324.1875
117321.6875
117320.6875
117319.46875
117319.46875
117319.125
117318.5
117314.28125
117306.21875
117305.4375
117301.625
117301.03125
117295.84375
117291.875
117288.9375
117287.84375
117282.65625
117279.8125
117275.625
117274.15625
117272.90625
117269.1875
117264.125
117258.78125
117257.15625
117254.1875
117247.625
117243.03125
117236.59375
117232.625
117231.0
117230.65625
117225.21875
117222.125
117219.0625
117214.21875
117213.96875
117208.625
117205.6875
117202.96875
117198.03125
117197.125
117194.875
117184.46875
117179.90625
117179.5625
117176.6875
117175.09375
117164.03125
117160.9375
117155.625
117154.28125
117151.46875
117148.125
117143.1875
117140.59375
117139.96875
117138.25
117135.4375
117134.65625
117131.96875
117130.1875
117128.25
117126.5
117121.0625
117120.0625
117120.0
117114.5
117109.4375
117105.9375
117101.5
117098.75
117096.0625
117094.6875
117092.625
117091.0
117089.5625
117089.3125
117088.5
117087.75
117081.8125
117080.6875
117077.25
117076.5
117075.0625
117068.0625
117064.0
117063.0
117058.1875
117057.0625
117048.125
117045.375
117043.8125
117042.8125
117038.25
117037.625
117033.6875
117024.8125
117022.125
117018.375
117013.5625
117010.8125
117008.125
117005.0
117001.9375
116999.9375
116999.5
116992.0
116986.8125
116986.5625
116985.0
116980.125
116978.0625
116977.1875
116974.625
116974.625
116971.5625
116964.8125
116964.75
116953.0
116950.5625
116949.8125
116943.75
116938.875
116937.71875
116937.71875
116937.3125
116932.375
116931.46875
116931.46875
116930.5
116926.1875
116925.71875
116924.71875
116920.8125
116913.0
116912.71875
116907.15625
116904.75
116898.3125
116898.28125
116897.53125
116896.125
116890.5625
116889.65625
116881.59375
116880.1875
116879.6875
116876.53125
116871.09375
116867.9375
116867.0625
116866.65625
116861.71875
116854.5625
116849.25
116845.96875
116838.53125
116835.75
116834.5
116832.84375
116827.15625
116825.5
116825.0
116823.59375
116816.03125
116815.4375
116814.1875
116804.96875
116800.65625
116797.25
116796.75
116787.90625
116781.09375
116780.3125
116779.0
116777.96875
116774.40625
116770.25
116764.8125
116763.03125
116760.90625
116755.5
116752.5
116752.40625
116751.90625
116749.65625
116744.78125
116744.40625
116744.03125
116743.28125
116738.90625
116734.90625
116730.78125
116728.03125
116725.53125
116720.40625
116717.28125
116716.65625
116716.40625
116715.40625
116712.15625
116710.53125
116705.65625
116704.03125
116698.53125
116698.15625
116695.03125
116690.03125
116688.65625
116681.40625
116679.15625
116677.15625
116667.28125
116664.65625
116663.90625
116660.40625
116659.40625
116658.03125
116654.28125
116653.78125
116648.40625
116643.40625
116639.78125
116635.78125
116635.15625
116633.90625
116628.78125
116623.78125
116622.78125
116621.15625
116620.28125
116614.65625
116614.03125
116610.15625
116609.53125
116602.53125
116597.90625
116589.90625
116588.78125
116588.15625
116587.28125
116584.78125
116576.40625
116574.03125
116566.90625
116559.40625
116547.28125
116546.78125
116546.0625
116545.6875
116544.84375
116540.40625
116540.1875
116540.0625
116534.46875
116533.46875
116532.8125
116528.125
116526.65625
116526.15625
116519.1875
116513.875
116510.78125
116506.09375
116506.0625
116501.5
116499.03125
116494.21875
116493.25
116491.625
116488.78125
116488.40625
116488.1875
116486.9375
116482.96875
116482.59375
116481.5
116474.5625
116472.28125
116471.53125
116464.5
116461.625
116453.96875
116453.46875
116450.25
116449.5
116448.34375
116443.34375
116439.5625
116435.875
116433.21875
116428.28125
116426.625
116422.8125
116417.84375
116414.28125
116410.8125
116410.4375
116410.21875
116405.84375
116399.5
116397.125
116388.71875
116387.46875
116384.0
116380.625
116376.65625
116374.28125
116372.625
116370.375
116362.09375
116358.90625
116356.78125
116351.84375
116351.84375
116351.65625
116350.65625
116348.84375
116339.84375
116331.65625
116328.28125
116326.71875
116326.46875
116323.90625
116320.28125
116314.84375
116314.71875
116314.53125
116305.53125
116304.59375
116300.21875
116295.78125
116294.40625
116292.84375
116288.34375
116287.28125
116281.78125
116279.21875
116273.59375
116263.03125
116261.40625
116255.96875
116253.21875
116249.90625
116248.28125
116247.09375
116246.34375
116243.40625
116239.53125
116239.46875
116237.46875
116233.53125
116232.78125
116228.59375
116224.71875
116224.28125
116220.53125
116217.59375
116216.84375
116213.03125
116212.90625
116203.71875
116201.71875
116195.65625
116184.28125
116183.71875
116182.96875
116178.03125
116174.78125
116173.96875
116166.59375
116161.65625
116157.65625
116156.21875
116153.09375
116150.53125
116148.03125
116147.5
116147.0
116146.59375
116142.03125
116141.6875
116138.0
116137.21875
116135.34375
116128.8125
116126.6875
116122.40625
116118.21875
116117.6875
116116.9375
116109.96875
116104.65625
116104.4375
116099.875
116095.71875
116094.09375
116089.9375
116085.25
116081.59375
116080.09375
116073.125
116069.8125
116065.15625
116060.46875
116057.6875
116050.25
116048.09375
116045.96875
116040.125
116040.125
116032.03125
116030.65625
116030.0
116024.3125
116018.21875
116014.65625
116010.375
116006.1875
116003.40625
116002.78125
116000.875
115996.5
115994.71875
115987.15625
115981.25
115980.125
115977.46875
115971.03125
115970.6875
115963.5
115963.34375
115955.65625
115953.25
115949.625
115946.46875
115941.78125
115937.375
115933.3125
115930.65625
115929.65625
115928.125
115926.625
115924.25
115919.625
115919.375
115919.25
115909.25
115907.875
115906.0
115905.25
115901.625
115897.75
115892.125
115888.25
115884.375
115883.0
115882.5
115876.125
115873.125
115868.75
115866.5
115863.625
115858.125
115853.0
115852.25
115851.125
115850.5
115847.875
115846.875
115845.125
115843.875
115842.25
115841.5
115838.125
115837.25
115834.625
115833.0
115830.875
115825.25
115816.25
115814.125
115814.0
115809.875
115808.75
115804.875
115795.5
115793.875
115787.375
115786.125
115783.625
115783.5
115776.25
115768.5
115768.375
115756.375
115754.875
115748.5
115746.25
115742.0
115736.25
115733.25
115730.875
115729.375
115726.75
115721.25
115716.75
115715.5
115711.75
115710.75
115710.40625
115709.78125
115709.4375
115708.1875
115702.34375
115695.03125
115694.75
115692.875
115687.09375
115680.90625
115676.4375
115674.4375
115670.90625
115670.15625
115665.6875
115660.0
115659.71875
115656.28125
115654.4375
115649.25
115646.90625
115646.40625
115641.0
115638.5
115628.96875
115627.96875
115624.625
115618.4375
115618.09375
115612.78125
115606.8125
115600.125
115598.15625
115592.09375
115590.375
115584.8125
115580.59375
115574.40625
115574.0625
115572.4375
115570.46875
115568.15625
115563.6875
115561.375
115560.90625
115559.65625
115558.6875
115557.5
115554.90625
115550.46875
115545.625
115541.0625
115540.59375
115536.34375
115531.875
115531.25
115527.40625
115525.65625
115515.375
115512.25
115507.65625
115504.46875
115501.3125
115495.25
115494.53125
115492.09375
115487.125
115484.1875
115481.1875
115477.25
115477.125
115476.8125
115472.5625
115468.25
115464.875
115461.0625
115458.1875
115456.25
115454.5
115452.0625
115449.5625
115444.125
115438.875
115433.3125
115428.3125
115423.875
115422.375
115418.6875
115417.8125
115413.5
115411.875
115411.6875
115411.0625
115408.625
115403.375
115401.3125
115400.9375
115397.75
115397.5
115396.4375
115394.4375
115393.75
115393.375
115386.8125
115383.1875
115382.25
115380.125
115370.1875
115368.4375
115368.0
115366.125
115364.9375
115364.5625
115360.625
115355.625
115353.9375
115349.4375
115348.0
115346.5
115345.0625
115342.5625
115331.375
115331.375
115328.1875
115322.6875
115319.0
115316.625
115313.3125
115308.9375
115303.875
115295.875
115293.9375
115293.9375
115291.875
115289.75
115288.4375
115285.0625
115284.71875
115284.15625
115281.0
115275.6875
115274.28125
115273.28125
115273.125
115272.625
115266.71875
115260.03125
115256.0
115250.8125
115250.71875
115247.46875
115243.8125
115243.0625
115242.28125
115242.28125
115241.125
115238.1875
115236.28125
115233.84375
115233.375
115232.25
115228.71875
115223.15625
115221.5
115220.875
115216.09375
115210.28125
115203.875
115198.9375
115197.53125
115190.59375
115190.375
115190.25
115189.84375
115183.90625
115183.3125
115181.125
115181.09375
115176.28125
115170.125
115162.4375
115157.53125
115156.46875
115149.5
115146.875
115139.15625
115133.71875
115132.1875
115131.375
115127.84375
115126.34375
115121.1875
115120.0
115118.96875
115117.59375
115117.3125
115114.25
115112.09375
115110.46875
115108.5625
115106.6875
115104.40625
115101.90625
115095.5625
115094.3125
115093.59375
115092.09375
115088.96875
115085.21875
115082.96875
115081.46875
115078.84375
115071.46875
115068.96875
115067.21875
115064.21875
115060.09375
115059.09375
115058.46875
115057.09375
115054.59375
115048.34375
115046.96875
115040.09375
115039.84375
115034.21875
115032.09375
115031.46875
115025.84375
115020.84375
115017.34375
115012.34375
115010.21875
115010.09375
115008.21875
115006.34375
115003.84375
115001.84375
114999.21875
114997.71875
114996.84375
114987.21875
114981.46875
114981.21875
114979.09375
114978.46875
114973.96875
114972.84375
114972.34375
114970.21875
114969.96875
114969.71875
114968.46875
114965.09375
114961.21875
114960.71875
114958.96875
114958.46875
114958.09375
114957.46875
114950.59375
114949.09375
114946.34375
114942.34375
114936.84375
114928.59375
114927.09375
114926.09375
114925.09375
114920.46875
114913.71875
114913.46875
114907.71875
114907.09375
114903.21875
114902.46875
114899.84375
114894.59375
114894.375
114893.75
114893.03125
114888.84375
114888.6875
114884.625
114884.40625
114880.71875
114880.0625
114876.5
114875.28125
114870.09375
114868.9375
114864.25
114862.28125
114860.40625
114855.0625
114852.5625
114850.96875
114849.21875
114846.5
114842.1875
114841.65625
114836.59375
114835.25
114833.875
114826.09375
114825.34375
114821.0
114819.125
114818.46875
114814.96875
114806.0625
114805.8125
114803.46875
114798.03125
114797.5625
114790.375
114789.34375
114786.03125
114785.375
114783.625
114782.84375
114782.09375
114780.625
114778.8125
114774.96875
114773.84375
114768.1875
114766.9375
114766.84375
114764.84375
114756.875
114752.5625
114746.84375
114738.28125
114731.6875
114727.0
114724.15625
114724.03125
114721.8125
114716.5
114714.53125
114709.84375
114705.25
114696.6875
114696.59375
114694.53125
114690.5625
114688.875
114687.78125
114683.59375
114680.46875
114676.78125
114676.65625
114674.34375
114670.09375
114666.65625
114663.40625
114662.09375
114657.59375
114655.90625
114654.40625
114651.21875
114648.84375
114645.65625
114644.78125
114643.59375
114639.71875
114638.15625
114631.90625
114630.71875
114624.96875
114624.53125
114620.40625
114617.71875
114617.21875
114616.65625
114615.28125
114612.71875
114608.34375
114605.65625
114604.40625
114596.09375
114588.96875
114580.03125
114577.65625
114574.34375
114571.34375
114568.28125
114567.78125
114567.71875
114560.59375
114552.78125
114548.28125
114538.21875
114533.71875
114531.78125
114531.40625
114530.34375
114527.46875
114523.65625
114521.90625
114519.59375
114516.46875
114512.65625
114511.90625
114509.96875
114506.96875
114504.78125
114502.15625
114493.46875
114488.59375
114487.03125
114482.65625
114481.96875
114475.96875
114472.15625
114468.53125
114463.34375
114451.59375
114446.03125
114444.78125
114441.96875
114439.96875
114439.5
114439.1875
114436.15625
114433.09375
114431.3125
114430.8125
114430.53125
114424.84375
114424.3125
114422.9375
114420.65625
114413.59375
114412.9375
114412.6875
114404.34375
114403.96875
114398.25
114391.8125
114388.40625
114385.90625
114383.375
114380.0
114375.96875
114373.71875
114372.8125
114368.0
114364.71875
114360.03125
114358.5
114357.875
114353.46875
114352.21875
114352.0625
114350.875
114346.46875
114339.40625
114338.3125
114336.1875
114331.40625
114329.03125
114325.5
114324.5625
114322.15625
114320.96875
114317.4375
114313.75
114311.59375
114310.59375
114302.9375
114298.3125
114292.15625
114285.71875
114283.0625
114279.875
114278.34375
114271.03125
114269.1875
114266.4375
114258.71875
114253.40625
114251.5
114247.3125
114242.90625
114240.40625
114233.8125
114232.0
114228.96875
114226.78125
114226.4375
114221.8125
114221.59375
114215.71875
114210.125
114205.0625
114202.4375
114198.3125
114195.4375
114194.6875
114193.1875
114186.0625
114183.4375
114181.3125
114178.8125
114178.5625
114166.4375
114162.3125
114156.9375
114154.8125
114154.0625
114153.0625
114149.3125
114148.0625
114147.3125
114147.3125
114141.5625
114140.0625
114137.6875
114135.9375
114130.4375
114125.8125
114123.8125
114123.3125
114121.6875
114120.1875
114115.0625
114113.3125
114107.6875
114104.8125
114104.5625
114103.8125
114097.3125
114092.9375
114088.5625
114085.0625
114077.5625
114071.3125
114068.3125
114065.9375
114064.0625
114060.6875
114059.1875
114056.3125
114049.4375
114043.3125
114037.0625
114034.5625
114032.6875
114027.4375
114026.4375
114025.1875
114024.4375
114019.0625
114017.5625
114014.0625
114012.1875
114010.3125
114008.6875
114003.4375
114000.9375
113994.5625
113993.6875
113992.0625
113985.5625
113985.4375
113978.6875
113973.0625
113972.5625
113968.3125
113967.3125
113966.90625
113966.59375
113963.625
113958.0625
113956.59375
113956.46875
113950.75
113943.6875
113943.34375
113942.96875
113940.375
113934.3125
113933.40625
113931.78125
113928.4375
113926.3125
113920.09375
113918.21875
113917.625
113909.1875
113907.09375
113904.53125
113897.125
113897.0
113895.03125
113894.78125
113893.875
113891.375
113888.15625
113880.59375
113878.125
113876.875
113875.40625
113872.40625
113867.1875
113865.75
113864.03125
113862.03125
113858.375
113853.3125
113852.71875
113850.84375
113843.625
113834.4375
113831.46875
113830.40625
113826.3125
113819.75
113817.59375
113809.78125
113807.6875
113804.4375
113800.15625
113799.15625
113794.1875
113794.0
113789.40625
113787.78125
113786.6875
113778.625
113777.59375
113773.34375
113770.3125
113767.4375
113767.34375
113765.03125
113763.75
113763.375
113761.46875
113753.21875
113751.25
113748.0
113743.09375
113738.59375
113732.625
113729.625
113727.125
113722.9375
113720.5625
113720.125
113718.5
113717.1875
113713.8125
113712.625
113709.625
113709.4375
113701.0625
113698.5
113696.5
113693.9375
113688.5625
113687.125
113681.375
113675.4375
113668.5625
113668.25
113660.875
113657.9375
113653.1875
113649.75
113643.875
113642.5625
113639.3125
113631.125
113629.0
113625.0625
113623.9375
113620.25
113611.5
113608.6875
113602.5625
113602.375
113600.875
113598.9375
113592.5625
113588.25
113587.75
113579.1875
113578.3125
113574.25
113572.375
113572.1875
113566.4375
113560.375
113559.875
113550.8125
113549.9375
113539.0
113534.5
113531.3125
113525.9375
113521.625
113511.125
113507.1875
113502.4375
113499.5
113492.5
113491.5625
113485.9375
113481.625
113481.375
113479.5625
113473.8125
113471.0
113470.25
113463.4375
113459.6875
113457.125
113453.75
113448.0625
113447.3125
113443.25
113440.25
113439.90625
113439.59375
113437.1875
113431.375
113430.46875
113424.65625
113424.1875
113419.625
113419.46875
113415.03125
113412.625
113410.625
113406.03125
113401.09375
113400.4375
113399.8125
113398.78125
113397.78125
113393.5
113385.0625
113382.03125
113378.65625
113377.375
113377.25
113376.84375
113375.46875
113367.375
113367.375
113365.21875
113363.71875
113359.1875
113353.25
113349.21875
113347.96875
113346.8125
113343.9375
113341.03125
113338.84375
113338.75
113334.0
113327.78125
113319.46875
113316.5625
113310.5
113307.71875
113305.34375
113303.1875
113301.3125
113294.65625
113292.78125
113284.5625
113281.75
113278.59375
113276.59375
113271.0625
113270.3125
113269.78125
113268.15625
113266.0
113265.9375
113262.90625
113253.96875
113253.25
113249.0
113245.09375
113240.15625
113238.875
113233.3125
113226.90625
113224.71875
113220.4375
113218.375
113215.96875
113214.21875
113207.0
113200.3125
113198.90625
113198.40625
113195.53125
113191.78125
113188.78125
113188.40625
113185.15625
113182.15625
113179.15625
113178.90625
113175.78125
113175.53125
113167.90625
113164.03125
113161.28125
113160.15625
113157.78125
113150.15625
113149.53125
113143.28125
113142.65625
113141.78125
113135.15625
113130.03125
113128.53125
113122.78125
113122.78125
113112.90625
113106.03125
113103.78125
113101.40625
113096.40625
113096.15625
113092.28125
113090.28125
113089.78125
113085.03125
113080.53125
113076.53125
113072.40625
113069.28125
113068.90625
113064.15625
113061.90625
113061.28125
113061.15625
113057.28125
113052.65625
113052.40625
113050.28125
113043.65625
113039.90625
113034.90625
113031.65625
113028.53125
113028.40625
113022.40625
113014.78125
113009.15625
113007.28125
113003.28125
113000.40625
112996.78125
112996.53125
112988.53125
112985.53125
112971.90625
112970.53125
112961.53125
112959.90625
112959.15625
112957.65625
112955.03125
112951.65625
112950.78125
112947.53125
112942.03125
112939.53125
112938.03125
112932.65625
112924.90625
112924.75
112924.3125
112922.09375
112921.96875
112911.5625
112902.75
112902.65625
112902.15625
112896.1875
112894.4375
112890.84375
112887.96875
112881.125
112873.1875
112870.59375
112869.71875
112868.0
112865.25
112860.40625
112860.28125
112858.9375
112855.125
112852.90625
112851.65625
112846.1875
112843.3125
112843.09375
112842.46875
112841.9375
112833.3125
112829.84375
112823.53125
112818.4375
112814.625
112810.53125
112809.40625
112807.75
112805.4375
112805.15625
112798.34375
112795.0625
112794.6875
112788.15625
112781.59375
112780.6875
112779.0625
112776.84375
112772.78125
112769.875
112768.25
112762.40625
112760.90625
112755.0
112750.9375
112744.46875
112740.09375
112732.5625
112731.8125
112723.15625
112720.65625
112714.125
112712.375
112705.65625
112704.34375
112701.625
112696.9375
112695.40625
112694.34375
112692.9375
112689.6875
112689.03125
112686.40625
112679.5625
112677.1875
112672.28125
112664.21875
112657.9375
112652.4375
112650.78125
112645.28125
112642.65625
112638.71875
112635.71875
112635.65625
112632.65625
112630.09375
112627.21875
112624.15625
112620.65625
112617.34375
112612.21875
112609.03125
112607.90625
112606.46875
112606.09375
112604.90625
112598.90625
112597.96875
112592.46875
112583.53125
112581.65625
112580.46875
112578.46875
112575.65625
112569.15625
112568.21875
112562.09375
112559.78125
112556.65625
112556.59375
112554.09375
112545.78125
112535.90625
112532.96875
112532.21875
112529.53125
112527.65625
112524.59375
112523.96875
112518.65625
112518.53125
112512.84375
112504.21875
112503.78125
112493.15625
112488.09375
112486.84375
112481.40625
112479.65625
112473.84375
112472.46875
112468.15625
112466.78125
112464.21875
112463.21875
112460.53125
112458.53125
112457.21875
112449.46875
112446.15625
112444.40625
112441.21875
112439.84375
112429.65625
112425.90625
112423.34375
112417.71875
112417.28125
112406.03125
112401.09375
112394.09375
112392.53125
112382.40625
112380.71875
112378.21875
112372.28125
112368.40625
112366.59375
112360.09375
112355.03125
112349.40625
112349.0625
112348.875
112346.84375
112346.71875
112341.8125
112338.4375
112332.71875
112331.84375
112331.1875
112330.1875
112327.65625
112326.90625
112325.5625
112321.0
112320.46875
112315.78125
112314.5
112314.125
112309.71875
112304.28125
112299.25
112291.6875
112290.78125
112284.09375
112282.9375
112281.3125
112277.40625
112277.28125
112271.3125
112268.75
112263.46875
112261.96875
112261.625
112254.3125
112245.09375
112244.84375
112243.4375
112236.5
112230.28125
112229.65625
112229.4375
112223.875
112220.59375
112218.96875
112214.1875
112206.5
112204.34375
112200.90625
112200.0
112196.9375
112195.15625
112193.21875
112193.125
112189.875
112187.46875
112181.90625
112180.25
112179.5
112170.78125
112168.96875
112168.9375
112168.375
112163.28125
112158.46875
112155.4375
112152.0
112149.71875
112141.90625
112138.375
112130.9375
112125.96875
112125.84375
112121.0625
112120.9375
112111.84375
112111.21875
112106.6875
112099.6875
112096.78125
112091.96875
112089.1875
112086.125
112083.25
112079.625
112076.875
112071.125
112069.5
112069.5
112067.125
112066.25
112063.0
112060.625
112053.375
112049.375
112042.875
112040.125
112037.5
112033.625
112033.125
112032.875
112022.25
112019.375
112017.125
112015.5
112009.75
112007.125
112004.875
112001.875
111999.5
111996.5
111991.625
111990.625
111987.75
111987.375
111986.875
111981.75
111976.75
111974.875
111968.875
111966.5
111964.125
111961.875
111959.375
111955.25
111953.5
111945.75
111945.5
111941.625
111941.375
111938.75
111933.25
111931.625
111926.75
111924.75
111919.5
111909.375
111906.5
111904.125
111901.25
111895.25
111894.5
111890.0
111889.25
111878.875
111878.25
111870.75
111868.375
111866.25
111864.0
111862.75
111861.125
111859.375
111844.375
111844.125
111842.25
111840.0
111838.5
111832.75
111832.625
111829.5
111826.125
111824.375
111822.625
111819.875
111817.375
111817.09375
111816.90625
111815.0625
111814.9375
111811.34375
111808.34375
111802.25
111799.875
111799.09375
111795.78125
111786.75
111781.1875
111778.40625
111774.78125
111771.8125
111765.375
111762.40625
111762.15625
111761.3125
111756.625
111754.65625
111752.65625
111751.5625
111751.5625
111750.59375
111746.53125
111745.3125
111744.1875
111743.40625
111740.40625
111735.625
111732.125
111722.21875
111719.59375
111719.0
111717.5
111712.40625
111709.40625
111703.375
111697.6875
111689.03125
111688.28125
111686.5625
111683.9375
111674.09375
111670.15625
111669.4375
111668.5625
111667.90625
111657.84375
111655.9375
111652.75
111651.46875
111650.34375
111645.75
111643.375
111642.40625
111640.59375
111640.1875
111637.0
111633.96875
111631.78125
111629.1875
111624.25
111617.65625
111612.46875
111609.125
111605.8125
111604.59375
111603.46875
111595.75
111584.25
111579.90625
111573.96875
111568.75
111568.5
111565.34375
111556.90625
111555.875
111548.4375
111546.71875
111541.65625
111540.4375
111540.4375
111537.5625
111534.0
111531.375
111531.0625
111521.5625
111513.875
111511.375
111508.0625
111505.6875
111500.625
111493.75
111490.1875
111489.6875
111486.0
111480.0
111476.1875
111474.8125
111468.875
111467.875
111461.9375
111461.5625
111456.5
111456.125
111453.5625
111447.9375
111442.0
111441.625
111439.8125
111432.4375
111428.0
111426.5
111425.5625
111419.5625
111417.75
111409.875
111405.4375
111403.5625
111401.625
111399.5
111395.1875
111393.1875
111389.75
111388.0
111386.4375
111374.9375
111364.875
111359.625
111356.4375
111351.0625
111345.125
111342.25
111338.9375
111335.5625
111327.25
111325.75
111325.1875
111319.1875
111311.375
111301.25
111297.0625
111290.9375
111286.875
111286.25
111284.6875
111283.5625
111277.25
111273.625
111269.0625
111267.9375
111259.875
111257.125
111248.3125
111244.3125
111241.625
111237.0
111234.1875
111231.8125
111231.125
111228.125
111220.8125
111218.3125
111212.0
111207.75
111205.5625
111204.6875
111204.53125
111204.28125
111204.0
111203.5
111199.21875
111197.21875
111197.125
111196.875
111191.40625
111190.78125
111188.25
111187.875
111184.78125
111181.09375
111179.6875
111177.9375
111173.40625
111171.03125
111170.875
111167.4375
111163.40625
111161.40625
111156.375
111153.0625
111151.40625
111151.15625
111144.125
111140.1875
111138.53125
111132.71875
111131.1875
111131.0625
111128.15625
111127.90625
111123.125
111120.0
111119.53125
111115.84375
111114.0
111113.625
111109.46875
111103.65625
111098.375
111098.0
111095.09375
111090.96875
111088.6875
111087.6875
111080.46875
111078.21875
111077.9375
111074.8125
111074.71875
111072.34375
111065.375
111061.5
111057.96875
111057.71875
111051.9375
111050.4375
111047.53125
111046.53125
111041.6875
111039.6875
111028.46875
111025.09375
111022.0625
111017.375
111012.59375
111005.53125
111000.375
110989.6875
110985.28125
110985.09375
110983.5625
110972.75
110969.34375
110964.34375
110964.25
110957.9375
110956.90625
110953.28125
110947.875
110943.3125
110942.15625
110937.84375
110934.84375
110931.46875
110930.21875
110929.21875
110919.34375
110912.34375
110908.09375
110906.59375
110903.59375
110902.34375
110898.46875
110894.21875
110892.34375
110887.09375
110886.84375
110883.34375
110876.46875
110873.96875
110867.46875
110864.59375
110863.21875
110860.71875
110855.21875
110854.46875
110853.84375
110852.59375
110847.09375
110843.71875
110841.71875
110841.46875
110839.09375
110830.21875
110829.34375
110822.84375
110821.09375
110812.21875
110806.09375
110801.46875
110797.59375
110794.46875
110794.09375
110790.34375
110788.71875
110788.34375
110782.46875
110780.96875
110773.34375
110770.84375
110769.34375
110765.34375
110762.96875
110758.21875
110753.96875
110752.21875
110750.46875
110741.96875
110739.71875
110739.21875
110736.21875
110734.59375
110732.09375
110731.34375
110726.59375
110722.71875
110720.34375
110709.21875
110708.59375
110707.21875
110700.59375
110695.84375
110694.21875
110690.84375
110688.09375
110686.34375
110685.84375
110679.84375
110671.71875
110667.84375
110660.46875
110656.46875
110650.59375
110650.21875
110643.21875
110641.59375
110640.34375
110635.21875
110634.21875
110634.0625
110633.875
110632.03125
110631.90625
110630.3125
110629.1875
110628.46875
110626.96875
110621.25
110614.8125
110612.46875
110610.46875
110610.0
110603.9375
110597.15625
110596.15625
110593.0625
110592.6875
110589.59375
110587.46875
110584.25
110580.8125
110576.21875
110575.71875
110574.6875
110569.4375
110559.40625
110550.96875
110549.3125
110546.6875
110540.40625
110535.34375
110531.0
110529.125
110527.15625
110526.90625
110523.3125
110520.5625
110518.15625
110516.90625
110509.25
110508.25
110507.59375
110496.34375
110487.3125
110485.0
110479.90625
110476.90625
110471.75
110470.5
110468.03125
110466.40625
110458.375
110456.125
110453.90625
110451.40625
110447.3125
110440.5
110434.21875
110432.28125
110425.75
110419.5625
110417.46875
110410.03125
110405.8125
110402.1875
110400.71875
110399.96875
110397.625
110394.875
110392.65625
110388.28125
110385.5
110383.8125
110383.46875
110381.15625
110377.5625
110372.0625
110368.71875
110367.96875
110365.625
110358.0625
110352.84375
110351.78125
110346.6875
110342.6875
110339.90625
110332.21875
110329.59375
110325.90625
110323.28125
110317.96875
110317.21875
110311.15625
110309.53125
110306.71875
110303.59375
110300.53125
110300.53125
110299.09375
110298.84375
110292.03125
110290.40625
110286.34375
110282.59375
110282.15625
110277.78125
110277.34375
110276.96875
110276.90625
110270.78125
110263.96875
110260.96875
110260.40625
110258.65625
110257.59375
110254.46875
110251.78125
110248.15625
110243.46875
110239.59375
110238.90625
110229.03125
110228.09375
110223.46875
110219.90625
110211.28125
110208.21875
110208.09375
110207.28125
110204.28125
110201.34375
110198.34375
110192.40625
110191.78125
110190.84375
110187.71875
110186.15625
110177.78125
110176.34375
110175.21875
110174.28125
110163.15625
110150.84375
110149.71875
110144.90625
110141.78125
110135.71875
110132.46875
110132.15625
110123.90625
110121.59375
110118.46875
110113.53125
110113.15625
110111.59375
110107.71875
110096.78125
110096.78125
110087.59375
110085.21875
110079.78125
110076.53125
110073.46875
110070.71875
110068.53125
110062.90625
110054.59375
110046.09375
110044.78125
110041.28125
110040.84375
110034.71875
110033.15625
110029.15625
110028.59375
110027.09375
110026.875
110026.8125
110025.28125
110024.78125
110023.25
110022.625
110022.59375
110017.78125
110017.5
110016.625
110015.34375
110009.65625
110003.4375
110003.1875
109997.71875
109996.46875
109992.4375
109991.0625
109985.21875
109983.09375
109973.5
109971.6875
109968.65625
109965.65625
109959.75
109951.4375
109948.46875
109947.71875
109944.6875
109943.4375
109941.65625
109935.34375
109931.8125
109931.1875
109927.15625
109924.09375
109924.0625
109922.3125
109921.78125
109916.84375
109912.8125
109908.625
109904.09375
109903.71875
109897.0
109893.0625
109891.78125
109885.84375
109885.125
109881.875
109880.28125
109875.09375
109872.75
109865.6875
109863.28125
109855.59375
109851.8125
109848.5
109848.21875
109842.59375
109842.5
109837.4375
109831.78125
109829.40625
109823.1875
109823.0
109819.96875
109810.71875
109804.6875
109800.3125
109797.40625
109793.09375
109789.8125
109781.875
109781.34375
109777.15625
109776.1875
109775.0
109768.78125
109768.40625
109767.5
109760.375
109756.96875
109749.03125
109745.75
109744.6875
109736.90625
109731.96875
109731.4375
109730.9375
109728.0625
109724.6875
109721.8125
109716.6875
109716.1875
109710.9375
109709.3125
109707.3125
109704.5625
109703.5625
109696.6875
109691.9375
109691.8125
109689.9375
109689.8125
109678.1875
109677.4375
109672.9375
109671.6875
109668.8125
109655.6875
109652.6875
109652.3125
109649.0625
109644.6875
109639.0625
109634.4375
109632.3125
109629.6875
109627.1875
109618.0625
109610.8125
109608.9375
109603.0625
109596.9375
109594.3125
109594.1875
109590.9375
109589.1875
109583.8125
109581.5625
109577.3125
109576.1875
109574.1875
109573.0625
109569.1875
109566.1875
109561.4375
109556.5625
109551.6875
109544.3125
109541.0625
109538.3125
109535.8125
109532.1875
109527.0625
109523.9375
109521.6875
109513.1875
109512.8125
109508.6875
109499.0625
109490.9375
109486.8125
109486.6875
109484.9375
109472.5625
109472.0625
109469.4375
109469.3125
109463.4375
109457.3125
109451.9375
109450.6875
109449.5625
109449.0625
109441.1875
109436.8125
109432.5625
109430.5625
109430.0625
109426.8125
109423.8125
109421.0625
109414.1875
109409.5625
109405.0625
109403.4375
109399.9375
109396.4375
109394.9375
109394.78125
109394.71875
109393.5
109393.5
109391.90625
109391.40625
109391.3125
109387.25
109386.96875
109385.71875
109375.0625
109369.375
109369.15625
109367.15625
109361.6875
109361.5625
109360.84375
109355.03125
109354.75
109353.375
109349.65625
109348.21875
109341.875
109337.5625
109336.21875
109332.96875
109332.25
109330.875
109325.28125
109324.78125
109322.6875
109321.6875
109319.78125
109310.15625
109302.25
109298.1875
109292.84375
109287.28125
109281.9375
109281.0625
109277.40625
109273.78125
109266.9375
109266.25
109259.15625
109250.84375
109247.875
109241.9375
109237.40625
109236.65625
109235.8125
109235.0625
109233.09375
109231.59375
109225.375
109222.3125
109220.34375
109216.09375
109213.125
109212.875
109212.09375
109205.03125
109201.6875
109198.5625
109190.03125
109189.28125
109185.0625
109174.6875
109165.34375
109162.65625
109161.375
109155.3125
109149.21875
109142.90625
109138.25
109137.5
109130.78125
109130.21875
109123.6875
109123.0
109121.96875
109118.78125
109113.8125
109112.375
109108.84375
109102.96875
109101.0
109100.75
109094.71875
109093.28125
109087.875
109086.875
109083.75
109080.6875
109077.8125
109073.25
109073.25
109067.9375
109066.8125
109065.0
109061.625
109058.3125
109058.3125
109057.25
109052.25
109045.6875
109044.4375
109041.375
109034.75
109031.5625
109023.0625
109022.75
109022.375
109017.8125
109015.8125
109011.875
109011.625
109006.1875
109003.1875
108998.0
108996.0
108987.4375
108985.5625
108981.75
108980.375
108979.4375
108978.0625
108975.25
108972.5
108969.5625
108964.3125
108964.125
108960.0
108955.9375
108951.4375
108947.75
108945.625
108942.6875
108939.8125
108938.0
108934.0
108931.1875
108927.9375
108927.75
108924.625
108919.5625
108915.5625
108911.25
108906.25
108898.1875
108896.9375
108896.0
108890.375
108882.9375
108875.3125
108868.75
108864.875
108859.1875
108854.1875
108847.0
108842.5
108835.5625
108829.9375
108829.375
108826.125
108823.6875
108823.1875
108807.875
108806.625
108804.5625
108802.6875
108802.5
108792.625
108789.5625
108785.8125
108783.625
108782.5
108780.1875
108775.0625
108774.875
108771.75
108770.8125
108768.4375
108766.25
108761.875
108761.46875
108761.21875
108755.8125
108751.3125
108750.28125
108748.65625
108748.5625
108747.0625
108740.09375
108733.40625
108729.75
108724.6875
108722.46875
108718.90625
108717.375
108712.4375
108707.28125
108704.21875
108704.125
108700.1875
108692.59375
108690.09375
108686.3125
108683.5
108683.28125
108679.71875
108677.9375
108677.5625
108667.71875
108664.40625
108659.375
108656.4375
108653.65625
108646.84375
108642.0625
108636.125
108634.84375
108625.53125
108623.375
108619.6875
108618.90625
108614.09375
108613.0625
108612.8125
108606.65625
108602.34375
108601.5625
108593.125
108591.34375
108587.59375
108579.125
108567.25
108566.34375
108563.59375
108552.625
108552.25
108545.53125
108545.34375
108543.0625
108540.5625
108536.03125
108531.34375
108526.1875
108524.1875
108522.09375
108520.15625
108510.0625
108505.875
108505.71875
108503.65625
108503.625
108501.75
108492.40625
108489.71875
108484.625
108474.3125
108470.40625
108466.15625
108460.125
108459.625
108454.21875
108449.40625
108448.9375
108446.125
108439.90625
108439.53125
108436.5
108430.5
108425.09375
108423.28125
108422.0
108417.0
108416.40625
108408.90625
108406.15625
108404.03125
108394.15625
108386.03125
108385.90625
108380.03125
108375.90625
108374.78125
108372.90625
108372.03125
108370.40625
108366.78125
108365.28125
108362.78125
108360.90625
108359.15625
108357.78125
108354.03125
108349.90625
108342.90625
108341.53125
108334.53125
108331.15625
108329.53125
108325.65625
108321.03125
108318.78125
108316.53125
108316.28125
108312.78125
108310.65625
108308.03125
108306.15625
108304.65625
108304.53125
108303.65625
108297.78125
108296.40625
108293.53125
108292.90625
108291.03125
108287.65625
108286.15625
108280.28125
108279.40625
108279.40625
108277.65625
108273.53125
108269.90625
108269.78125
108268.65625
108264.15625
108255.65625
108253.90625
108250.90625
108244.65625
108240.03125
108233.78125
108222.65625
108219.03125
108211.15625
108204.15625
108202.78125
108197.65625
108195.40625
108195.03125
108191.40625
108180.53125
108173.03125
108170.03125
108161.65625
108160.40625
108155.53125
108153.65625
108150.15625
108145.40625
108142.78125
108139.65625
108137.28125
108134.53125
108129.78125
108123.65625
108119.65625
108116.78125
108109.53125
108109.40625
108108.40625
108105.65625
108100.28125
108093.65625
108085.78125
108082.78125
108077.90625
108076.28125
108074.03125
108073.8125
108073.1875
108068.46875
108064.09375
108063.5
108061.375
108061.03125
108059.40625
108054.6875
108048.125
108045.65625
108042.09375
108041.5625
108038.375
108038.34375
108036.84375
108033.375
108031.8125
108029.96875
108027.53125
108024.6875
108022.1875
108020.71875
108012.28125
108011.0625
108007.0625
108006.28125
108001.90625
107995.0
107994.875
107992.03125
107987.21875
107985.0
107976.9375
107974.71875
107974.46875
107967.875
107966.0
107962.28125
107958.59375
107957.875
107954.3125
107952.59375
107952.46875
107949.5
107947.625
107939.21875
107930.78125
107926.5
107926.5
107919.96875
107917.96875
107917.5625
107912.625
107909.03125
107903.71875
107902.3125
107900.5
107898.78125
107896.03125
107889.3125
107888.8125
107885.71875
107879.78125
107866.375
107863.125
107856.71875
107854.71875
107854.25
107853.5
107842.09375
107841.96875
107841.4375
107838.0
107828.71875
107826.09375
107818.8125
107818.5
107806.71875
107802.46875
107802.375
107799.375
107796.09375
107789.90625
107787.5
107785.8125
107784.84375
107781.46875
107778.4375
107777.375
107772.78125
107772.28125
107763.625
107760.6875
107760.59375
107753.90625
107751.15625
107749.09375
107739.34375
107731.40625
107731.15625
107726.21875
107724.71875
107723.28125
107719.40625
107716.59375
107716.21875
107715.40625
107714.28125
107711.96875
107707.84375
107700.03125
107699.03125
107698.96875
107696.71875
107691.03125
107691.03125
107689.59375
107684.84375
107682.15625
107681.90625
107681.84375
107680.59375
107671.03125
107666.53125
107661.84375
107658.59375
107655.90625
107655.15625
107654.59375
107654.59375
107645.15625
107642.40625
107641.71875
107641.34375
107636.78125
107632.90625
107629.84375
107629.46875
107619.65625
107613.28125
107613.09375
107612.46875
107608.78125
107608.03125
107607.84375
107605.59375
107600.78125
107596.65625
107591.46875
107585.09375
107580.90625
107574.03125
107568.84375
107568.21875
107567.15625
107562.40625
107552.84375
107550.09375
107548.65625
107541.65625
107534.71875
107532.71875
107528.03125
107522.40625
107521.21875
107520.09375
107519.40625
107516.78125
107506.59375
107498.09375
107497.03125
107493.40625
107488.59375
107487.84375
107482.03125
107477.65625
107475.71875
107470.59375
107470.15625
107468.65625
107466.96875
107462.21875
107460.53125
107450.65625
107446.71875
107437.59375
107427.90625
107427.15625
107420.59375
107419.09375
107413.78125
107411.28125
107411.125
107410.375
107405.59375
107401.71875
107401.3125
107399.3125
107399.09375
107397.34375
107390.25
107384.0625
107380.65625
107375.96875
107374.875
107370.4375
107369.03125
107364.71875
107363.0625
107355.75
107355.65625
107353.40625
107350.625
107344.9375
107341.65625
107339.03125
107337.1875
107327.4375
107323.21875
107318.40625
107315.875
107312.625
107304.90625
107296.46875
107291.0625
107284.75
107283.21875
107281.84375
107275.0625
107269.5
107264.90625
107260.34375
107258.6875
107256.875
107253.34375
107252.21875
107245.5
107242.875
107232.78125
107232.65625
107232.1875
107224.5
107218.84375
107217.15625
107215.6875
107212.5
107212.21875
107211.96875
107210.9375
107210.6875
107210.40625
107200.15625
107193.5
107186.5
107184.71875
107179.28125
107176.8125
107173.875
107171.96875
107169.96875
107167.1875
107162.375
107161.84375
107160.53125
107158.5
107151.25
107149.21875
107146.84375
107138.3125
107136.875
107126.90625
107120.84375
107115.6875
107111.6875
107097.59375
107096.59375
107086.4375
107083.3125
107075.53125
107072.71875
107060.25
107054.3125
107052.15625
107050.40625
107048.875
107048.375
107036.15625
107031.90625
107024.625
107019.625
107017.0
107015.25
107005.25
106997.5
106997.25
106995.875
106994.375
106990.25
106988.125
106987.125
106986.75
106983.875
106983.25
106982.625
106978.25
106975.5
106973.75
106970.125
106964.0
106958.625
106958.625
106958.375
106954.5
106952.5
106951.75
106951.375
106950.0
106949.625
106944.375
106940.875
106938.25
106935.625
106935.25
106932.375
106928.75
106924.375
106916.5
106912.0
106910.875
106908.75
106908.0
106900.75
106899.5
106896.375
106893.75
106893.625
106887.375
106876.875
106874.625
106874.125
106872.375
106867.5
106862.75
106858.5
106857.0
106852.5
106846.875
106846.25
106836.875
106833.375
106828.25
106819.875
106819.5
106815.875
106805.5
106801.0
106796.75
106788.375
106788.25
106777.5
106771.0
106765.125
106761.625
106755.875
106753.25
106748.125
106747.0
106745.625
106745.5
106740.625
106734.5
106731.75
106729.5
106727.5
106720.25
106713.5
106708.75
106703.5
106702.375
106693.0
106685.125
106680.875
106679.625
106673.625
106669.75
106668.25
106667.75
106666.0
106661.0
===================== answer =======================
[0, 2, 3, 2, 3, 2, 3, 2, 3, 2, 3, 2, 3, 2, 3, 2, 3, 2, 3, 2, 3, 2, 3, 2, 2, 3, 3, 2, 2, 3, 3, 2, 3, 2, 3, 2, 3, 2, 3, 2, 3, 2, 3, 2, 3, 2, 3, 2, 3, 2, 3, 2, 3, 2, 3, 2, 3, 2, 3, 2, 3, 2, 3, 2, 3, 2, 3, 2, 3, 2, 2, 3, 3, 2, 2, 3, 2, 3, 2, 3, 2, 3, 2, 3, 2, 3, 3, 2, 2, 3, 2, 3, 2, 3, 3, 2, 3, 2, 3, 2]
[2, 0, 2, 3, 2, 3, 2, 3, 2, 3, 2, 3, 2, 3, 2, 3, 2, 3, 2, 3, 2, 3, 2, 3, 3, 2, 2, 3, 3, 2, 2, 3, 2, 3, 2, 3, 2, 3, 2, 3, 2, 3, 2, 3, 2, 3, 2, 3, 2, 3, 2, 3, 2, 3, 2, 3, 2, 3, 2, 3, 2, 3, 2, 3, 2, 3, 2, 3, 2, 3, 3, 2, 2, 3, 3, 2, 3, 2, 3, 2, 3, 2, 3, 2, 3, 2, 2, 3, 3, 2, 3, 2, 3, 2, 3, 2, 3, 2, 3, 2]
[3, 2, 0, 2, 3, 2, 3, 2, 3, 2, 3, 2, 3, 2, 3, 2, 3, 2, 2, 3, 3, 2, 2, 3, 3, 2, 3, 2, 3, 2, 3, 2, 3, 2, 2, 3, 2, 3, 2, 3, 2, 3, 3, 2, 3, 2, 3, 2, 3, 2, 2, 3, 3, 2, 2, 3, 2, 3, 3, 2, 3, 2, 3, 2, 3, 2, 3, 2, 3, 2, 3, 2, 3, 3, 2, 2, 3, 2, 3, 2, 3, 2, 3, 2, 3, 2, 3, 2, 3, 2, 3, 2, 3, 2, 2, 3, 2, 3, 2, 3]
[2, 3, 2, 0, 2, 3, 2, 3, 2, 3, 2, 3, 2, 3, 2, 3, 2, 3, 3, 2, 2, 3, 3, 2, 2, 3, 2, 3, 2, 3, 2, 3, 2, 3, 3, 2, 3, 2, 3, 2, 3, 2, 2, 3, 2, 3, 2, 3, 2, 3, 3, 2, 3, 2, 3, 2, 3, 2, 3, 2, 3, 3, 2, 3, 2, 3, 2, 2, 3, 3, 2, 3, 2, 2, 3, 3, 2, 3, 2, 2, 3, 2, 2, 3, 3, 2, 3, 2, 2, 3, 2, 3, 2, 3, 2, 3, 2, 3, 2, 3]
[3, 2, 3, 2, 0, 2, 3, 2, 3, 2, 3, 2, 3, 2, 3, 2, 2, 3, 3, 2, 2, 3, 3, 2, 3, 2, 3, 2, 3, 2, 2, 3, 2, 3, 3, 2, 3, 2, 3, 2, 3, 2, 3, 2, 3, 2, 3, 3, 2, 3, 2, 3, 2, 3, 2, 2, 3, 2, 2, 3, 2, 3, 3, 2, 3, 2, 2, 3, 2, 3, 3, 2, 2, 3, 3, 2, 3, 2, 3, 3, 2, 3, 2, 2, 2, 3, 2, 3, 3, 2, 3, 2, 3, 2, 3, 2, 3, 2, 3, 3]
[2, 3, 2, 3, 2, 0, 2, 3, 2, 3, 2, 3, 2, 3, 2, 3, 3, 2, 2, 3, 3, 2, 2, 3, 2, 3, 2, 3, 2, 3, 3, 2, 3, 2, 2, 3, 2, 3, 2, 3, 3, 2, 2, 3, 3, 2, 2, 3, 3, 2, 3, 2, 2, 3, 3, 3, 2, 3, 2, 3, 2, 2, 2, 3, 3, 2, 3, 3, 2, 2, 2, 3, 3, 2, 2, 3, 3, 3, 2, 3, 2, 3, 2, 2, 2, 3, 2, 3, 2, 3, 2, 3, 2, 3, 2, 3, 2, 3, 2, 3]
[3, 2, 3, 2, 3, 2, 0, 2, 3, 2, 3, 2, 2, 3, 3, 2, 3, 2, 3, 2, 3, 2, 3, 2, 3, 2, 2, 3, 3, 2, 3, 2, 2, 3, 2, 3, 2, 3, 3, 2, 2, 3, 2, 3, 2, 3, 2, 2, 3, 3, 3, 2, 2, 3, 3, 2, 3, 2, 3, 2, 2, 3, 2, 3, 2, 3, 3, 2, 2, 3, 3, 2, 3, 2, 3, 2, 2, 3, 2, 3, 3, 2, 3, 3, 2, 2, 2, 3, 3, 2, 3, 2, 3, 2, 2, 3, 3, 2, 2, 2]
[2, 3, 2, 3, 2, 3, 2, 0, 2, 3, 2, 3, 3, 2, 2, 3, 2, 3, 2, 3, 2, 3, 2, 3, 2, 3, 3, 2, 2, 3, 2, 3, 3, 2, 3, 2, 3, 2, 2, 3, 2, 3, 3, 2, 2, 3, 3, 2, 2, 3, 2, 3, 3, 2, 2, 3, 3, 2, 2, 3, 3, 2, 3, 2, 2, 3, 3, 3, 2, 2, 3, 3, 2, 3, 2, 3, 2, 2, 3, 2, 3, 3, 3, 2, 2, 3, 2, 2, 3, 3, 2, 3, 2, 3, 2, 2, 3, 3, 2, 2]
[3, 2, 3, 2, 3, 2, 3, 2, 0, 2, 2, 3, 3, 3, 2, 2, 3, 2, 3, 2, 3, 2, 3, 2, 3, 2, 3, 2, 2, 3, 2, 3, 3, 2, 2, 3, 3, 2, 2, 3, 3, 2, 2, 3, 2, 3, 2, 3, 2, 2, 3, 3, 2, 3, 2, 3, 2, 3, 3, 2, 3, 2, 2, 3, 2, 3, 2, 3, 3, 2, 2, 3, 2, 3, 3, 2, 3, 2, 3, 2, 2, 3, 3, 3, 2, 2, 3, 2, 2, 3, 3, 2, 2, 3, 3, 2, 2, 3, 3, 2]
[2, 3, 2, 3, 2, 3, 2, 3, 2, 0, 3, 2, 3, 2, 3, 3, 2, 3, 2, 3, 2, 2, 3, 3, 2, 3, 2, 3, 2, 2, 3, 2, 2, 3, 3, 2, 2, 3, 3, 2, 2, 3, 3, 2, 3, 2, 3, 2, 3, 2, 3, 2, 3, 2, 3, 2, 2, 3, 3, 3, 2, 3, 2, 2, 3, 2, 2, 3, 3, 3, 2, 2, 3, 2, 3, 2, 3, 3, 2, 2, 2, 3, 3, 3, 3, 2, 2, 3, 2, 2, 3, 3, 2, 2, 3, 3, 2, 2, 3, 3]
[3, 2, 3, 2, 3, 2, 3, 2, 2, 3, 0, 2, 2, 3, 3, 2, 3, 3, 2, 3, 2, 3, 2, 3, 2, 3, 2, 3, 3, 2, 2, 3, 2, 2, 3, 2, 3, 3, 2, 3, 2, 2, 3, 3, 2, 3, 2, 3, 2, 2, 2, 3, 3, 3, 2, 3, 2, 3, 2, 2, 3, 3, 3, 2, 2, 2, 3, 2, 3, 3, 2, 3, 2, 2, 2, 3, 2, 3, 3, 3, 2, 2, 2, 3, 3, 3, 3, 2, 2, 2, 2, 3, 3, 2, 3, 3, 2, 2, 3, 3]
[2, 3, 2, 3, 2, 3, 2, 3, 3, 2, 2, 0, 2, 3, 2, 3, 2, 3, 3, 2, 3, 3, 2, 2, 3, 2, 3, 2, 3, 3, 3, 2, 2, 3, 2, 3, 2, 2, 3, 2, 3, 3, 2, 2, 3, 2, 3, 2, 3, 3, 2, 2, 3, 2, 3, 3, 2, 2, 3, 3, 2, 2, 3, 3, 2, 3, 2, 2, 3, 2, 3, 2, 3, 3, 2, 3, 2, 2, 3, 3, 2, 2, 2, 3, 3, 3, 3, 2, 2, 3, 2, 2, 3, 3, 2, 2, 3, 3, 2, 2]
[3, 2, 3, 2, 3, 2, 2, 3, 3, 3, 2, 2, 0, 2, 3, 2, 3, 2, 3, 3, 2, 3, 2, 2, 3, 3, 2, 2, 3, 3, 2, 3, 3, 2, 2, 3, 2, 3, 2, 2, 3, 3, 2, 3, 2, 3, 3, 2, 2, 3, 3, 2, 2, 3, 3, 2, 3, 2, 2, 3, 2, 3, 2, 3, 3, 2, 2, 3, 2, 3, 3, 2, 3, 2, 2, 3, 3, 2, 2, 3, 3, 2, 3, 2, 3, 2, 3, 3, 2, 3, 2, 2, 2, 3, 3, 2, 3, 2, 3, 2]
[2, 3, 2, 3, 2, 3, 3, 2, 3, 2, 3, 3, 2, 0, 2, 2, 3, 2, 2, 3, 3, 2, 3, 3, 2, 2, 3, 3, 2, 2, 3, 2, 3, 3, 3, 2, 3, 2, 3, 2, 2, 2, 3, 3, 2, 2, 3, 3, 2, 2, 3, 3, 2, 2, 3, 2, 3, 3, 2, 2, 3, 2, 3, 2, 3, 3, 2, 2, 2, 3, 3, 3, 2, 3, 2, 2, 3, 3, 2, 2, 3, 3, 2, 2, 3, 3, 2, 3, 3, 2, 2, 3, 3, 2, 2, 3, 2, 3, 2, 2]
[3, 2, 3, 2, 3, 2, 3, 2, 2, 3, 3, 2, 3, 2, 0, 3, 2, 2, 3, 2, 3, 3, 2, 3, 2, 2, 3, 3, 2, 2, 3, 3, 2, 3, 2, 3, 2, 2, 3, 3, 2, 3, 2, 2, 3, 3, 2, 3, 3, 2, 2, 2, 3, 2, 2, 3, 3, 2, 3, 3, 2, 2, 3, 3, 2, 2, 3, 3, 2, 2, 2, 3, 3, 2, 3, 2, 2, 3, 3, 2, 3, 2, 3, 2, 2, 3, 3, 2, 3, 2, 3, 3, 2, 2, 3, 2, 2, 3, 3, 3]
[2, 3, 2, 3, 2, 3, 2, 3, 2, 3, 2, 3, 2, 2, 3, 0, 2, 3, 2, 2, 3, 3, 3, 2, 3, 3, 2, 2, 3, 2, 2, 3, 3, 2, 3, 2, 3, 3, 2, 3, 2, 2, 3, 2, 3, 2, 2, 3, 3, 3, 2, 3, 2, 3, 2, 2, 3, 3, 2, 2, 3, 3, 2, 2, 3, 2, 3, 2, 3, 2, 2, 3, 3, 3, 2, 2, 2, 3, 2, 3, 3, 3, 2, 3, 2, 2, 3, 3, 3, 2, 3, 2, 2, 3, 2, 3, 3, 2, 2, 3]
[3, 2, 3, 2, 2, 3, 3, 2, 3, 2, 3, 2, 3, 3, 2, 2, 0, 2, 3, 3, 2, 2, 3, 2, 3, 3, 2, 2, 3, 3, 2, 2, 3, 3, 2, 2, 3, 3, 2, 3, 3, 2, 2, 2, 3, 3, 2, 2, 3, 2, 3, 2, 3, 2, 3, 3, 2, 2, 2, 3, 3, 2, 3, 2, 2, 3, 2, 3, 2, 3, 3, 2, 2, 3, 3, 3, 2, 2, 3, 2, 2, 3, 3, 2, 3, 2, 2, 3, 3, 3, 2, 3, 3, 2, 2, 3, 2, 2, 3, 3]
[2, 3, 2, 3, 3, 2, 2, 3, 2, 3, 3, 3, 2, 2, 2, 3, 2, 0, 3, 2, 2, 3, 2, 3, 2, 3, 3, 2, 3, 3, 2, 2, 2, 3, 3, 3, 2, 2, 3, 2, 3, 2, 3, 3, 2, 2, 3, 2, 2, 3, 2, 3, 2, 3, 2, 3, 2, 3, 3, 2, 2, 3, 2, 3, 3, 2, 3, 2, 3, 2, 2, 3, 2, 3, 3, 3, 2, 2, 2, 3, 2, 3, 3, 2, 2, 3, 2, 3, 3, 3, 2, 2, 3, 2, 3, 2, 3, 3, 2, 2]
[3, 2, 2, 3, 3, 2, 3, 2, 3, 2, 2, 3, 3, 2, 3, 2, 3, 3, 0, 2, 2, 2, 3, 3, 2, 2, 3, 3, 2, 3, 3, 2, 2, 2, 3, 3, 2, 3, 2, 3, 2, 3, 2, 3, 2, 3, 2, 3, 2, 3, 2, 3, 2, 2, 3, 2, 3, 2, 3, 3, 2, 2, 3, 2, 3, 3, 2, 2, 3, 2, 3, 2, 3, 2, 3, 3, 3, 2, 2, 3, 2, 2, 2, 3, 3, 2, 3, 2, 2, 3, 3, 2, 2, 3, 2, 3, 3, 2, 2, 3]
[2, 3, 3, 2, 2, 3, 2, 3, 2, 3, 3, 2, 3, 3, 2, 2, 3, 2, 2, 0, 3, 2, 3, 2, 3, 2, 3, 3, 2, 2, 3, 3, 2, 2, 3, 2, 3, 2, 3, 2, 3, 3, 3, 2, 2, 2, 3, 2, 3, 2, 3, 2, 3, 3, 2, 2, 2, 3, 2, 3, 3, 3, 2, 3, 2, 3, 3, 2, 2, 3, 2, 2, 3, 2, 3, 2, 3, 2, 3, 3, 3, 2, 2, 3, 2, 3, 2, 2, 3, 3, 3, 2, 3, 3, 2, 2, 2, 3, 3, 2]
[3, 2, 3, 2, 2, 3, 3, 2, 3, 2, 2, 3, 2, 3, 3, 3, 2, 2, 2, 3, 0, 2, 2, 3, 3, 3, 2, 3, 2, 3, 2, 3, 3, 2, 2, 3, 2, 2, 3, 2, 3, 3, 2, 3, 3, 2, 2, 3, 2, 3, 2, 3, 2, 3, 2, 2, 3, 2, 3, 2, 3, 3, 2, 3, 2, 2, 3, 3, 2, 2, 3, 2, 2, 3, 2, 3, 3, 3, 2, 2, 3, 3, 2, 3, 2, 3, 2, 2, 2, 2, 3, 3, 3, 2, 3, 3, 2, 2, 3, 2]
[2, 3, 2, 3, 3, 2, 2, 3, 2, 2, 3, 3, 3, 2, 3, 3, 2, 3, 2, 2, 2, 0, 2, 3, 3, 2, 2, 3, 3, 2, 3, 2, 3, 3, 2, 2, 3, 3, 2, 3, 2, 2, 3, 2, 3, 3, 2, 2, 3, 2, 3, 2, 3, 3, 3, 2, 2, 3, 2, 2, 3, 2, 3, 3, 3, 2, 2, 3, 2, 3, 2, 3, 2, 2, 3, 3, 2, 3, 3, 2, 2, 2, 3, 3, 3, 2, 3, 2, 2, 3, 2, 3, 2, 3, 3, 2, 3, 2, 2, 2]
[3, 2, 2, 3, 3, 2, 3, 2, 3, 3, 2, 2, 2, 3, 2, 3, 3, 2, 3, 3, 2, 2, 0, 2, 2, 3, 3, 2, 3, 2, 3, 3, 2, 3, 2, 2, 3, 3, 2, 2, 3, 3, 2, 2, 3, 2, 3, 2, 3, 2, 3, 3, 2, 2, 3, 3, 2, 2, 3, 2, 2, 3, 3, 2, 3, 3, 2, 2, 3, 2, 2, 3, 2, 3, 2, 2, 3, 3, 3, 2, 3, 2, 3, 2, 3, 3, 2, 3, 2, 2, 3, 3, 2, 3, 2, 2, 3, 3, 2, 3]
[2, 3, 3, 2, 2, 3, 2, 3, 2, 3, 3, 2, 2, 3, 3, 2, 2, 3, 3, 2, 3, 3, 2, 0, 2, 2, 3, 2, 3, 3, 2, 2, 3, 2, 3, 3, 2, 3, 3, 2, 2, 2, 3, 3, 2, 3, 3, 2, 2, 2, 2, 3, 3, 2, 3, 3, 2, 3, 2, 3, 2, 2, 2, 3, 3, 3, 2, 3, 2, 3, 2, 2, 3, 2, 2, 3, 2, 3, 2, 3, 3, 3, 2, 2, 2, 3, 3, 3, 2, 2, 3, 2, 3, 2, 3, 3, 2, 3, 2, 3]
[2, 3, 3, 2, 3, 2, 3, 2, 3, 2, 2, 3, 3, 2, 2, 3, 3, 2, 2, 3, 3, 3, 2, 2, 0, 2, 2, 3, 2, 3, 3, 3, 2, 3, 2, 2, 3, 2, 3, 3, 2, 2, 3, 3, 2, 3, 2, 3, 2, 3, 2, 2, 3, 3, 2, 3, 3, 2, 2, 3, 2, 3, 2, 2, 2, 3, 3, 2, 3, 3, 3, 2, 2, 2, 3, 2, 3, 2, 3, 2, 2, 3, 3, 2, 3, 2, 3, 3, 2, 2, 2, 3, 3, 2, 2, 3, 3, 3, 2, 2]
[3, 2, 2, 3, 2, 3, 2, 3, 2, 3, 3, 2, 3, 2, 2, 3, 3, 3, 2, 2, 3, 2, 3, 2, 2, 0, 2, 3, 3, 2, 3, 2, 3, 2, 3, 3, 2, 2, 3, 3, 3, 2, 2, 2, 3, 2, 3, 3, 2, 3, 2, 2, 2, 3, 2, 3, 3, 3, 2, 2, 3, 2, 3, 2, 2, 3, 3, 3, 2, 2, 3, 3, 2, 3, 2, 2, 2, 3, 2, 3, 2, 3, 3, 3, 2, 2, 2, 3, 3, 3, 2, 2, 2, 3, 3, 2, 2, 3, 3, 2]
[3, 2, 3, 2, 3, 2, 2, 3, 3, 2, 2, 3, 2, 3, 3, 2, 2, 3, 3, 3, 2, 2, 3, 3, 2, 2, 0, 2, 2, 3, 2, 3, 3, 3, 2, 2, 3, 3, 2, 3, 2, 3, 2, 2, 3, 2, 3, 3, 3, 2, 3, 2, 2, 2, 3, 2, 3, 3, 3, 2, 2, 3, 2, 3, 2, 2, 3, 3, 3, 2, 2, 2, 3, 3, 2, 2, 2, 2, 3, 3, 3, 2, 2, 3, 3, 3, 2, 2, 3, 2, 2, 3, 3, 2, 3, 2, 2, 3, 3, 3]
[2, 3, 2, 3, 2, 3, 3, 2, 2, 3, 3, 2, 2, 3, 3, 2, 2, 2, 3, 3, 3, 3, 2, 2, 3, 3, 2, 0, 2, 2, 3, 2, 2, 3, 3, 3, 2, 2, 2, 3, 3, 3, 2, 3, 2, 3, 2, 2, 3, 3, 2, 3, 2, 2, 3, 2, 2, 3, 3, 3, 3, 2, 3, 2, 3, 2, 2, 2, 3, 3, 2, 3, 2, 2, 3, 3, 2, 2, 2, 3, 3, 2, 3, 2, 2, 3, 3, 2, 3, 3, 2, 2, 2, 3, 3, 3, 2, 2, 3, 2]
[2, 3, 3, 2, 3, 2, 3, 2, 2, 2, 3, 3, 3, 2, 2, 3, 3, 3, 2, 2, 2, 3, 3, 3, 2, 3, 2, 2, 0, 2, 2, 3, 3, 2, 3, 3, 2, 3, 2, 2, 3, 3, 3, 2, 2, 2, 3, 3, 2, 3, 3, 2, 3, 2, 2, 3, 2, 2, 3, 3, 2, 3, 2, 3, 2, 3, 2, 3, 2, 3, 3, 2, 3, 2, 2, 3, 3, 2, 2, 2, 3, 3, 2, 3, 3, 2, 2, 3, 3, 2, 3, 2, 2, 3, 2, 2, 3, 2, 3, 3]
[3, 2, 2, 3, 2, 3, 2, 3, 3, 2, 2, 3, 3, 2, 2, 2, 3, 3, 3, 2, 3, 2, 2, 3, 3, 2, 3, 2, 2, 0, 2, 3, 2, 3, 3, 2, 3, 2, 3, 2, 2, 3, 3, 3, 2, 3, 2, 2, 3, 2, 3, 3, 3, 2, 2, 2, 3, 2, 2, 3, 3, 2, 3, 2, 3, 2, 3, 2, 3, 2, 3, 3, 3, 2, 2, 2, 3, 3, 3, 2, 2, 3, 2, 2, 3, 2, 3, 2, 3, 3, 3, 2, 3, 2, 2, 3, 2, 2, 3, 3]
[3, 2, 3, 2, 2, 3, 3, 2, 2, 3, 2, 3, 2, 3, 3, 2, 2, 2, 3, 3, 2, 3, 3, 2, 3, 3, 2, 3, 2, 2, 0, 2, 3, 2, 2, 3, 3, 3, 3, 2, 2, 2, 3, 2, 3, 2, 3, 3, 2, 3, 2, 3, 3, 3, 2, 2, 2, 3, 3, 2, 2, 2, 3, 3, 3, 2, 2, 2, 3, 2, 3, 3, 3, 2, 3, 2, 2, 2, 3, 2, 2, 3, 3, 3, 2, 3, 2, 3, 2, 3, 2, 3, 2, 3, 2, 3, 3, 2, 2, 3]
[2, 3, 2, 3, 3, 2, 2, 3, 3, 2, 3, 2, 3, 2, 3, 3, 2, 2, 2, 3, 3, 2, 3, 2, 3, 2, 3, 2, 3, 3, 2, 0, 2, 2, 3, 2, 3, 2, 2, 3, 3, 2, 2, 3, 3, 3, 2, 2, 3, 2, 3, 3, 2, 3, 2, 3, 2, 2, 3, 2, 3, 3, 2, 2, 3, 3, 2, 3, 2, 3, 2, 2, 3, 3, 3, 2, 2, 3, 2, 3, 2, 2, 3, 2, 3, 3, 3, 2, 2, 2, 3, 3, 2, 2, 3, 2, 3, 3, 2, 2]
[3, 2, 3, 2, 2, 3, 2, 3, 3, 2, 2, 2, 3, 3, 2, 3, 3, 2, 2, 2, 3, 3, 2, 3, 2, 3, 3, 2, 3, 2, 3, 2, 0, 3, 2, 2, 2, 3, 3, 3, 2, 2, 3, 3, 2, 2, 3, 3, 2, 2, 3, 2, 3, 2, 3, 2, 3, 2, 2, 3, 3, 3, 2, 3, 2, 2, 3, 2, 3, 2, 3, 3, 2, 3, 2, 3, 3, 2, 2, 3, 2, 2, 3, 3, 2, 2, 3, 2, 3, 2, 3, 3, 2, 2, 3, 2, 3, 3, 2, 3]
[2, 3, 2, 3, 3, 2, 3, 2, 2, 3, 2, 3, 2, 3, 3, 2, 3, 3, 2, 2, 2, 3, 3, 2, 3, 2, 3, 3, 2, 3, 2, 2, 3, 0, 2, 3, 2, 2, 3, 2, 3, 3, 2, 2, 3, 3, 2, 2, 3, 3, 2, 2, 3, 3, 2, 3, 3, 2, 2, 2, 2, 3, 3, 2, 3, 3, 2, 3, 2, 3, 2, 2, 2, 3, 3, 3, 3, 2, 2, 2, 3, 2, 2, 3, 2, 3, 2, 3, 3, 2, 2, 3, 3, 3, 2, 3, 2, 2, 3, 2]
[3, 2, 2, 3, 3, 2, 2, 3, 2, 3, 3, 2, 2, 3, 2, 3, 2, 3, 3, 3, 2, 2, 2, 3, 2, 3, 2, 3, 3, 3, 2, 3, 2, 2, 0, 2, 3, 2, 2, 3, 3, 3, 2, 2, 3, 2, 3, 3, 2, 2, 3, 3, 2, 2, 3, 2, 3, 3, 2, 3, 2, 2, 3, 3, 2, 2, 3, 2, 3, 3, 3, 2, 2, 2, 3, 2, 3, 3, 3, 2, 2, 3, 2, 2, 3, 2, 3, 2, 2, 3, 3, 2, 3, 3, 2, 2, 3, 2, 3, 2]
[2, 3, 3, 2, 2, 3, 3, 2, 3, 2, 2, 3, 3, 2, 3, 2, 2, 3, 3, 2, 3, 2, 2, 3, 2, 3, 2, 3, 3, 2, 3, 2, 2, 3, 2, 0, 3, 3, 2, 2, 3, 2, 3, 3, 2, 3, 2, 2, 3, 3, 2, 2, 2, 3, 3, 3, 2, 3, 2, 2, 3, 2, 2, 3, 3, 3, 3, 2, 2, 2, 2, 3, 3, 3, 2, 3, 2, 3, 3, 2, 2, 2, 2, 3, 3, 2, 2, 3, 3, 3, 2, 2, 3, 2, 3, 2, 2, 3, 3, 3]
[3, 2, 2, 3, 3, 2, 2, 3, 3, 2, 3, 2, 2, 3, 2, 3, 3, 2, 2, 3, 2, 3, 3, 2, 3, 2, 3, 2, 2, 3, 3, 3, 2, 2, 3, 3, 0, 2, 2, 2, 2, 3, 3, 3, 2, 2, 2, 3, 3, 2, 3, 2, 3, 3, 2, 2, 2, 3, 3, 2, 3, 2, 3, 2, 2, 3, 3, 3, 2, 2, 3, 2, 3, 2, 2, 3, 3, 2, 3, 3, 2, 2, 3, 2, 2, 3, 2, 3, 2, 3, 3, 3, 2, 2, 3, 3, 2, 2, 2, 3]
[2, 3, 3, 2, 2, 3, 3, 2, 2, 3, 3, 2, 3, 2, 2, 3, 3, 2, 3, 2, 2, 3, 3, 3, 2, 2, 3, 2, 3, 2, 3, 2, 3, 2, 2, 3, 2, 0, 3, 3, 2, 2, 2, 3, 3, 3, 2, 2, 3, 3, 2, 3, 2, 2, 3, 2, 3, 2, 3, 3, 2, 3, 2, 2, 2, 2, 3, 3, 3, 3, 2, 3, 2, 3, 2, 2, 3, 3, 2, 3, 3, 2, 2, 2, 3, 2, 3, 2, 2, 3, 2, 3, 3, 3, 2, 3, 2, 3, 2, 2]
[3, 2, 2, 3, 3, 2, 3, 2, 2, 3, 2, 3, 2, 3, 3, 2, 2, 3, 2, 3, 3, 2, 2, 3, 3, 3, 2, 2, 2, 3, 3, 2, 3, 3, 2, 2, 2, 3, 0, 3, 2, 3, 3, 2, 2, 3, 3, 2, 2, 3, 3, 2, 2, 3, 2, 3, 2, 2, 3, 3, 3, 2, 2, 3, 3, 2, 2, 3, 2, 3, 3, 2, 3, 2, 3, 2, 2, 3, 3, 3, 3, 2, 2, 2, 2, 3, 3, 2, 3, 2, 2, 2, 3, 3, 2, 3, 3, 3, 2, 2]
[2, 3, 3, 2, 2, 3, 2, 3, 3, 2, 3, 2, 2, 2, 3, 3, 3, 2, 3, 2, 2, 3, 2, 2, 3, 3, 3, 3, 2, 2, 2, 3, 3, 2, 3, 2, 2, 3, 3, 0, 3, 2, 2, 2, 3, 2, 3, 3, 2, 2, 3, 3, 3, 2, 3, 3, 2, 2, 2, 2, 3, 3, 2, 2, 3, 3, 2, 3, 3, 2, 2, 3, 2, 3, 3, 2, 2, 2, 3, 2, 3, 3, 3, 2, 2, 2, 2, 3, 3, 2, 3, 2, 3, 2, 3, 2, 3, 2, 3, 3]
[3, 2, 2, 3, 3, 3, 2, 2, 3, 2, 2, 3, 3, 2, 2, 2, 3, 3, 2, 3, 3, 2, 3, 2, 2, 3, 2, 3, 3, 2, 2, 3, 2, 3, 3, 3, 2, 2, 2, 3, 0, 2, 3, 2, 3, 3, 2, 3, 2, 2, 2, 3, 3, 2, 3, 2, 3, 3, 2, 3, 2, 3, 3, 2, 2, 3, 2, 2, 3, 2, 3, 3, 3, 2, 2, 3, 2, 3, 2, 3, 3, 2, 3, 3, 2, 2, 2, 3, 2, 2, 3, 3, 2, 3, 2, 2, 3, 3, 2, 2]
[2, 3, 3, 2, 2, 2, 3, 3, 2, 3, 2, 3, 3, 2, 3, 2, 2, 2, 3, 3, 3, 2, 3, 2, 2, 2, 3, 3, 3, 3, 2, 2, 2, 3, 3, 2, 3, 2, 3, 2, 2, 0, 2, 3, 3, 2, 3, 3, 3, 2, 2, 2, 3, 3, 2, 3, 3, 2, 3, 2, 2, 2, 3, 3, 2, 2, 3, 3, 2, 3, 2, 2, 2, 3, 3, 3, 3, 2, 2, 2, 3, 3, 2, 3, 2, 2, 3, 2, 3, 3, 2, 2, 2, 3, 3, 3, 2, 2, 3, 3]
[3, 2, 3, 2, 3, 2, 2, 3, 2, 3, 3, 2, 2, 3, 2, 3, 2, 3, 2, 3, 2, 3, 2, 3, 3, 2, 2, 2, 3, 3, 3, 2, 3, 2, 2, 3, 3, 2, 3, 2, 3, 2, 0, 3, 2, 3, 2, 2, 3, 3, 2, 3, 2, 2, 3, 3, 3, 3, 2, 2, 2, 3, 3, 2, 3, 2, 2, 2, 3, 2, 3, 3, 3, 2, 2, 2, 3, 2, 3, 3, 2, 3, 2, 3, 3, 2, 2, 2, 3, 2, 3, 3, 2, 2, 3, 2, 3, 2, 3, 3]
[2, 3, 2, 3, 2, 3, 3, 2, 3, 2, 3, 2, 3, 3, 2, 2, 2, 3, 3, 2, 3, 2, 2, 3, 3, 2, 2, 3, 2, 3, 2, 3, 3, 2, 2, 3, 3, 3, 2, 2, 2, 3, 3, 0, 2, 2, 3, 3, 2, 3, 3, 2, 2, 3, 2, 2, 2, 3, 3, 3, 2, 2, 3, 3, 2, 3, 3, 2, 2, 3, 2, 2, 2, 3, 3, 3, 2, 3, 2, 3, 2, 3, 3, 2, 3, 2, 2, 3, 2, 2, 3, 2, 3, 2, 2, 3, 2, 3, 3, 2]
[3, 2, 3, 2, 3, 3, 2, 2, 2, 3, 2, 3, 2, 2, 3, 3, 3, 2, 2, 2, 3, 3, 3, 2, 2, 3, 3, 2, 2, 2, 3, 3, 2, 3, 3, 2, 2, 3, 2, 3, 3, 3, 2, 2, 0, 3, 2, 2, 3, 3, 2, 2, 3, 3, 2, 2, 3, 3, 2, 3, 3, 2, 2, 3, 3, 2, 2, 3, 2, 2, 3, 2, 3, 3, 2, 2, 3, 3, 2, 2, 2, 3, 3, 2, 3, 3, 3, 2, 2, 3, 2, 2, 3, 2, 3, 2, 3, 3, 2, 3]
[2, 3, 2, 3, 2, 2, 3, 3, 3, 2, 3, 2, 3, 2, 3, 2, 3, 2, 3, 2, 2, 3, 2, 3, 3, 2, 2, 3, 2, 3, 2, 3, 2, 3, 2, 3, 2, 3, 3, 2, 3, 2, 3, 2, 3, 0, 2, 3, 2, 2, 3, 3, 2, 2, 3, 3, 2, 2, 3, 2, 3, 3, 2, 3, 2, 3, 3, 2, 3, 2, 3, 2, 2, 2, 3, 3, 2, 3, 3, 2, 3, 2, 2, 3, 2, 3, 3, 2, 2, 3, 2, 3, 2, 3, 2, 2, 3, 2, 3, 2]
[3, 2, 3, 2, 3, 2, 2, 3, 2, 3, 2, 3, 3, 3, 2, 2, 2, 3, 2, 3, 2, 2, 3, 3, 2, 3, 3, 2, 3, 2, 3, 2, 3, 2, 3, 2, 2, 2, 3, 3, 2, 3, 2, 3, 2, 2, 0, 3, 3, 2, 3, 3, 2, 2, 3, 3, 2, 2, 3, 2, 3, 3, 2, 2, 3, 3, 2, 2, 3, 3, 2, 3, 2, 2, 3, 3, 2, 2, 3, 2, 3, 3, 2, 3, 2, 3, 2, 3, 2, 2, 3, 2, 3, 2, 3, 3, 2, 3, 2, 2]
[2, 3, 2, 3, 3, 3, 2, 2, 3, 2, 3, 2, 2, 3, 3, 3, 2, 2, 3, 2, 3, 2, 2, 2, 3, 3, 3, 2, 3, 2, 3, 2, 3, 2, 3, 2, 3, 2, 2, 3, 3, 3, 2, 3, 2, 3, 3, 0, 2, 2, 2, 2, 3, 3, 2, 2, 3, 3, 2, 3, 2, 3, 2, 3, 2, 2, 3, 3, 2, 2, 3, 3, 2, 2, 2, 3, 3, 2, 3, 3, 2, 2, 3, 3, 3, 2, 2, 3, 2, 3, 2, 3, 2, 3, 2, 3, 2, 2, 2, 3]
[3, 2, 3, 2, 2, 3, 3, 2, 2, 3, 2, 3, 2, 2, 3, 3, 3, 2, 2, 3, 2, 3, 3, 2, 2, 2, 3, 3, 2, 3, 2, 3, 2, 3, 2, 3, 3, 3, 2, 2, 2, 3, 3, 2, 3, 2, 3, 2, 0, 3, 3, 2, 2, 2, 3, 3, 2, 3, 2, 3, 2, 2, 3, 2, 3, 2, 3, 2, 3, 3, 2, 2, 3, 3, 2, 2, 2, 3, 2, 3, 2, 3, 3, 2, 2, 3, 3, 2, 3, 2, 2, 3, 2, 3, 3, 2, 2, 3, 2, 3]
[2, 3, 2, 3, 3, 2, 3, 3, 2, 2, 2, 3, 3, 2, 2, 3, 2, 3, 3, 2, 3, 2, 2, 2, 3, 3, 2, 3, 3, 2, 3, 2, 2, 3, 2, 3, 2, 3, 3, 2, 2, 2, 3, 3, 3, 2, 2, 2, 3, 0, 3, 3, 3, 2, 2, 2, 3, 2, 3, 2, 3, 2, 3, 2, 2, 3, 3, 3, 2, 3, 2, 3, 3, 2, 2, 2, 3, 2, 3, 3, 3, 2, 2, 2, 3, 3, 2, 3, 2, 3, 3, 2, 2, 2, 3, 3, 2, 2, 3, 2]
[3, 2, 2, 3, 2, 3, 3, 2, 3, 3, 2, 2, 3, 3, 2, 2, 3, 2, 2, 3, 2, 3, 3, 2, 2, 2, 3, 2, 3, 3, 2, 3, 3, 2, 3, 2, 3, 2, 3, 3, 2, 2, 2, 3, 2, 3, 3, 2, 3, 3, 0, 2, 3, 3, 2, 2, 2, 3, 2, 2, 3, 2, 3, 3, 2, 2, 2, 3, 3, 2, 3, 3, 2, 3, 3, 2, 2, 3, 2, 2, 3, 2, 3, 3, 3, 2, 3, 2, 3, 2, 3, 2, 3, 2, 2, 2, 3, 2, 3, 2]
[2, 3, 3, 2, 3, 2, 2, 3, 3, 2, 3, 2, 2, 3, 2, 3, 2, 3, 3, 2, 3, 2, 3, 3, 2, 2, 2, 3, 2, 3, 3, 3, 2, 2, 3, 2, 2, 3, 2, 3, 3, 2, 3, 2, 2, 3, 3, 2, 2, 3, 2, 0, 3, 3, 3, 2, 3, 2, 3, 2, 2, 3, 3, 2, 3, 2, 2, 3, 2, 3, 2, 3, 3, 3, 2, 2, 3, 2, 2, 2, 3, 3, 2, 3, 2, 3, 3, 2, 3, 2, 2, 3, 3, 3, 2, 2, 2, 3, 2, 3]
[3, 2, 3, 3, 2, 2, 2, 3, 2, 3, 3, 3, 2, 2, 3, 2, 3, 2, 2, 3, 2, 3, 2, 3, 3, 2, 2, 2, 3, 3, 3, 2, 3, 3, 2, 2, 3, 2, 2, 3, 3, 3, 2, 2, 3, 2, 2, 3, 2, 3, 3, 3, 0, 2, 2, 3, 3, 2, 2, 3, 2, 2, 2, 3, 3, 3, 3, 2, 2, 3, 2, 2, 3, 3, 3, 3, 2, 2, 2, 3, 2, 3, 3, 2, 3, 2, 3, 3, 2, 2, 3, 2, 2, 3, 2, 3, 2, 3, 3, 2]
[2, 3, 2, 2, 3, 3, 3, 2, 3, 2, 3, 2, 3, 2, 2, 3, 2, 3, 2, 3, 3, 3, 2, 2, 3, 3, 2, 2, 2, 2, 3, 3, 2, 3, 2, 3, 3, 2, 3, 2, 2, 3, 2, 3, 3, 2, 2, 3, 2, 2, 3, 3, 2, 0, 3, 3, 2, 3, 2, 3, 3, 2, 2, 2, 3, 3, 2, 3, 3, 2, 3, 2, 2, 2, 3, 3, 3, 2, 2, 3, 2, 2, 2, 3, 2, 3, 3, 3, 3, 2, 2, 3, 3, 2, 2, 3, 3, 2, 2, 3]
[3, 2, 2, 3, 2, 3, 3, 2, 2, 3, 2, 3, 3, 3, 2, 2, 3, 2, 3, 2, 2, 3, 3, 3, 2, 2, 3, 3, 2, 2, 2, 2, 3, 2, 3, 3, 2, 3, 2, 3, 3, 2, 3, 2, 2, 3, 3, 2, 3, 2, 2, 3, 2, 3, 0, 3, 2, 2, 3, 3, 2, 3, 2, 3, 2, 3, 2, 2, 3, 2, 3, 2, 3, 2, 3, 2, 3, 3, 3, 2, 2, 3, 2, 2, 3, 3, 2, 2, 3, 3, 2, 3, 2, 2, 3, 3, 3, 2, 2, 2]
[2, 3, 3, 2, 2, 3, 2, 3, 3, 2, 3, 3, 2, 2, 3, 2, 3, 3, 2, 2, 2, 2, 3, 3, 3, 3, 2, 2, 3, 2, 2, 3, 2, 3, 2, 3, 2, 2, 3, 3, 2, 3, 3, 2, 2, 3, 3, 2, 3, 2, 2, 2, 3, 3, 3, 0, 2, 2, 3, 2, 3, 2, 3, 2, 3, 2, 3, 2, 3, 3, 2, 3, 2, 3, 2, 3, 3, 2, 3, 2, 2, 2, 3, 2, 2, 3, 2, 3, 2, 3, 3, 2, 3, 3, 2, 2, 3, 3, 3, 2]
[3, 2, 2, 3, 3, 2, 3, 3, 2, 2, 2, 2, 3, 3, 3, 3, 2, 2, 3, 2, 3, 2, 2, 2, 3, 3, 3, 2, 2, 3, 2, 2, 3, 3, 3, 2, 2, 3, 2, 2, 3, 3, 3, 2, 3, 2, 2, 3, 2, 3, 2, 3, 3, 2, 2, 2, 0, 3, 2, 3, 2, 3, 3, 2, 2, 3, 3, 2, 2, 3, 3, 3, 2, 2, 2, 3, 2, 3, 3, 2, 3, 2, 3, 3, 2, 2, 3, 2, 3, 3, 2, 2, 3, 2, 3, 2, 2, 3, 3, 3]
[2, 3, 3, 2, 2, 3, 2, 2, 3, 3, 3, 2, 2, 3, 2, 3, 2, 3, 2, 3, 2, 3, 2, 3, 2, 3, 3, 3, 2, 2, 3, 2, 2, 2, 3, 3, 3, 2, 2, 2, 3, 2, 3, 3, 3, 2, 2, 3, 3, 2, 3, 2, 2, 3, 2, 2, 3, 0, 3, 2, 3, 2, 2, 3, 2, 3, 2, 3, 3, 2, 3, 2, 3, 3, 2, 2, 2, 3, 3, 3, 2, 2, 3, 2, 3, 2, 2, 2, 3, 3, 3, 2, 2, 3, 2, 3, 3, 2, 3, 2]
[3, 2, 3, 3, 2, 2, 3, 2, 3, 3, 2, 3, 2, 2, 3, 2, 2, 3, 3, 2, 3, 2, 3, 2, 2, 2, 3, 3, 3, 2, 3, 3, 2, 2, 2, 2, 3, 3, 3, 2, 2, 3, 2, 3, 2, 3, 3, 2, 2, 3, 2, 3, 2, 2, 3, 3, 2, 3, 0, 3, 3, 2, 2, 3, 2, 2, 3, 3, 2, 2, 2, 3, 3, 2, 3, 3, 2, 2, 2, 3, 3, 3, 2, 3, 3, 2, 2, 3, 2, 3, 2, 3, 2, 3, 3, 2, 2, 2, 2, 3]
[2, 3, 2, 2, 3, 3, 2, 3, 2, 3, 2, 3, 3, 2, 3, 2, 3, 2, 3, 3, 2, 2, 2, 3, 3, 2, 2, 3, 3, 3, 2, 2, 3, 2, 3, 2, 2, 3, 3, 2, 3, 2, 2, 3, 3, 2, 2, 3, 3, 2, 2, 2, 3, 3, 3, 2, 3, 2, 3, 0, 2, 3, 3, 2, 3, 2, 2, 2, 3, 3, 2, 2, 2, 3, 3, 2, 3, 3, 2, 3, 2, 3, 2, 3, 2, 3, 3, 2, 3, 2, 3, 2, 2, 3, 3, 2, 3, 3, 2, 3]
[3, 2, 3, 3, 2, 2, 2, 3, 3, 2, 3, 2, 2, 3, 2, 3, 3, 2, 2, 3, 3, 3, 2, 2, 2, 3, 2, 3, 2, 3, 2, 3, 3, 2, 2, 3, 3, 2, 3, 3, 2, 2, 2, 2, 3, 3, 3, 2, 2, 3, 3, 2, 2, 3, 2, 3, 2, 3, 3, 2, 0, 3, 3, 2, 3, 2, 2, 2, 2, 3, 3, 3, 2, 2, 3, 3, 3, 2, 2, 2, 3, 2, 3, 3, 3, 2, 2, 3, 2, 3, 3, 2, 2, 2, 3, 3, 2, 3, 2, 3]
[2, 3, 2, 3, 3, 2, 3, 2, 2, 3, 3, 2, 3, 2, 2, 3, 2, 3, 2, 3, 3, 2, 3, 2, 3, 2, 3, 2, 3, 2, 2, 3, 3, 3, 2, 2, 2, 3, 2, 3, 3, 2, 3, 2, 2, 3, 3, 3, 2, 2, 2, 3, 2, 2, 3, 2, 3, 2, 2, 3, 3, 0, 2, 3, 3, 2, 3, 3, 2, 2, 2, 3, 3, 3, 2, 2, 3, 2, 3, 3, 2, 3, 3, 2, 2, 3, 2, 3, 2, 3, 2, 3, 3, 2, 2, 3, 3, 2, 3, 2]
[3, 2, 3, 2, 3, 2, 2, 3, 2, 2, 3, 3, 2, 3, 3, 2, 3, 2, 3, 2, 2, 3, 3, 2, 2, 3, 2, 3, 2, 3, 3, 2, 2, 3, 3, 2, 3, 2, 2, 2, 3, 3, 3, 3, 2, 2, 2, 2, 3, 3, 3, 3, 2, 2, 2, 3, 3, 2, 2, 3, 3, 2, 0, 3, 2, 3, 2, 3, 3, 2, 2, 2, 3, 3, 2, 3, 2, 3, 3, 2, 3, 2, 2, 3, 2, 2, 3, 3, 2, 2, 3, 3, 3, 2, 2, 2, 3, 3, 2, 3]
[2, 3, 2, 3, 2, 3, 3, 2, 3, 2, 2, 3, 3, 2, 3, 2, 2, 3, 2, 3, 3, 3, 2, 3, 2, 2, 3, 2, 3, 2, 3, 2, 3, 2, 3, 3, 2, 2, 3, 2, 2, 3, 2, 3, 3, 3, 2, 3, 2, 2, 3, 2, 3, 2, 3, 2, 2, 3, 3, 2, 2, 3, 3, 0, 2, 3, 3, 2, 2, 3, 3, 2, 2, 3, 2, 2, 2, 3, 3, 2, 3, 3, 2, 2, 3, 3, 2, 2, 3, 2, 3, 3, 2, 3, 3, 2, 2, 2, 3, 3]
[3, 2, 3, 2, 3, 3, 2, 2, 2, 3, 2, 2, 3, 3, 2, 3, 2, 3, 3, 2, 2, 3, 3, 3, 2, 2, 2, 3, 2, 3, 3, 3, 2, 3, 2, 3, 2, 2, 3, 3, 2, 2, 3, 2, 3, 2, 3, 2, 3, 2, 2, 3, 3, 3, 2, 3, 2, 2, 2, 3, 3, 3, 2, 2, 0, 3, 2, 2, 3, 2, 3, 3, 2, 2, 3, 3, 2, 2, 2, 3, 3, 3, 2, 2, 3, 2, 3, 3, 2, 3, 2, 2, 3, 3, 3, 3, 2, 2, 3, 2]
[2, 3, 2, 3, 2, 2, 3, 3, 3, 2, 2, 3, 2, 3, 2, 2, 3, 2, 3, 3, 2, 2, 3, 3, 3, 3, 2, 2, 3, 2, 2, 3, 2, 3, 2, 3, 3, 2, 2, 3, 3, 2, 2, 3, 2, 3, 3, 2, 2, 3, 2, 2, 3, 3, 3, 2, 3, 3, 2, 2, 2, 2, 3, 3, 3, 0, 2, 3, 2, 2, 3, 2, 3, 2, 3, 2, 3, 3, 2, 3, 2, 2, 3, 3, 2, 3, 3, 2, 3, 2, 3, 2, 3, 2, 3, 2, 2, 3, 2, 3]
[3, 2, 3, 2, 2, 3, 3, 3, 2, 2, 3, 2, 2, 2, 3, 3, 2, 3, 2, 3, 3, 2, 2, 2, 3, 3, 3, 2, 2, 3, 2, 2, 3, 2, 3, 3, 3, 3, 2, 2, 2, 3, 2, 3, 2, 3, 2, 3, 3, 3, 2, 2, 3, 2, 2, 3, 3, 2, 3, 2, 2, 3, 2, 3, 2, 2, 0, 3, 3, 3, 2, 2, 3, 2, 3, 3, 3, 2, 2, 2, 2, 3, 3, 2, 3, 3, 2, 3, 2, 2, 2, 3, 3, 3, 2, 2, 3, 3, 2, 2]
[2, 3, 2, 2, 3, 3, 2, 3, 3, 3, 2, 2, 3, 2, 3, 2, 3, 2, 2, 2, 3, 3, 2, 3, 2, 3, 3, 2, 3, 2, 2, 3, 2, 3, 2, 2, 3, 3, 3, 3, 2, 3, 2, 2, 3, 2, 2, 3, 2, 3, 3, 3, 2, 3, 2, 2, 2, 3, 3, 2, 2, 3, 3, 2, 2, 3, 3, 0, 2, 2, 3, 3, 3, 2, 2, 2, 3, 2, 3, 2, 3, 3, 2, 3, 2, 2, 3, 3, 3, 3, 2, 3, 2, 2, 2, 3, 3, 2, 3, 2]
[3, 2, 3, 3, 2, 2, 2, 2, 3, 3, 3, 3, 2, 2, 2, 3, 2, 3, 3, 2, 2, 2, 3, 2, 3, 2, 3, 3, 2, 3, 3, 2, 3, 2, 3, 2, 2, 3, 2, 3, 3, 2, 3, 2, 2, 3, 3, 2, 3, 2, 3, 2, 2, 3, 3, 3, 2, 3, 2, 3, 2, 2, 3, 2, 3, 2, 3, 2, 0, 3, 2, 2, 2, 3, 2, 3, 3, 2, 3, 3, 3, 2, 2, 3, 2, 2, 3, 2, 3, 2, 3, 3, 2, 2, 3, 3, 2, 2, 3, 2]
[2, 3, 2, 3, 3, 2, 3, 2, 2, 3, 3, 2, 3, 3, 2, 2, 3, 2, 2, 3, 2, 3, 2, 3, 3, 2, 2, 3, 3, 2, 2, 3, 2, 3, 3, 2, 2, 3, 3, 2, 2, 3, 2, 3, 2, 2, 3, 2, 3, 3, 2, 3, 3, 2, 2, 3, 3, 2, 2, 3, 3, 2, 2, 3, 2, 2, 3, 2, 3, 0, 3, 3, 2, 3, 2, 3, 2, 3, 2, 2, 2, 3, 3, 3, 2, 3, 2, 2, 2, 3, 3, 2, 3, 3, 3, 2, 2, 3, 2, 3]
[2, 3, 3, 2, 3, 2, 3, 3, 2, 2, 2, 3, 3, 3, 2, 2, 3, 2, 3, 2, 3, 2, 2, 2, 3, 3, 2, 2, 3, 3, 3, 2, 3, 2, 3, 2, 3, 2, 3, 2, 3, 2, 3, 2, 3, 3, 2, 3, 2, 2, 3, 2, 2, 3, 3, 2, 3, 3, 2, 2, 3, 2, 2, 3, 3, 3, 2, 3, 2, 3, 0, 2, 2, 3, 2, 2, 2, 3, 3, 3, 3, 2, 3, 2, 3, 2, 2, 2, 3, 2, 2, 3, 2, 3, 2, 3, 3, 2, 3, 3]
[3, 2, 2, 3, 2, 3, 2, 3, 3, 2, 3, 2, 2, 3, 3, 3, 2, 3, 2, 2, 2, 3, 3, 2, 2, 3, 2, 3, 2, 3, 3, 2, 3, 2, 2, 3, 2, 3, 2, 3, 3, 2, 3, 2, 2, 2, 3, 3, 2, 3, 3, 3, 2, 2, 2, 3, 3, 2, 3, 2, 3, 3, 2, 2, 3, 2, 2, 3, 2, 3, 2, 0, 3, 2, 3, 2, 3, 3, 2, 2, 2, 3, 2, 2, 3, 3, 3, 2, 3, 3, 2, 2, 3, 2, 3, 3, 3, 2, 2, 3]
[3, 2, 3, 2, 2, 3, 3, 2, 2, 3, 2, 3, 3, 2, 3, 3, 2, 2, 3, 3, 2, 2, 2, 3, 2, 2, 3, 2, 3, 3, 3, 3, 2, 2, 2, 3, 3, 2, 3, 2, 3, 2, 3, 2, 3, 2, 2, 2, 3, 3, 2, 3, 3, 2, 3, 2, 2, 3, 3, 2, 2, 3, 3, 2, 2, 3, 3, 3, 2, 2, 2, 3, 0, 2, 3, 3, 2, 2, 3, 3, 2, 2, 3, 2, 3, 3, 2, 3, 2, 2, 3, 2, 3, 3, 2, 3, 3, 2, 2, 2]
[2, 3, 3, 2, 3, 2, 2, 3, 3, 2, 2, 3, 2, 3, 2, 3, 3, 3, 2, 2, 3, 2, 3, 2, 2, 3, 3, 2, 2, 2, 2, 3, 3, 3, 2, 3, 2, 3, 2, 3, 2, 3, 2, 3, 3, 2, 2, 2, 3, 2, 3, 3, 3, 2, 2, 3, 2, 3, 2, 3, 2, 3, 3, 3, 2, 2, 2, 2, 3, 3, 3, 2, 2, 0, 3, 2, 2, 3, 3, 3, 2, 2, 3, 3, 2, 2, 3, 3, 2, 3, 2, 3, 2, 3, 2, 3, 2, 3, 3, 2]
[2, 3, 2, 3, 3, 2, 3, 2, 3, 3, 2, 2, 2, 2, 3, 2, 3, 3, 3, 3, 2, 3, 2, 2, 3, 2, 2, 3, 2, 2, 3, 3, 2, 3, 3, 2, 2, 2, 3, 3, 2, 3, 2, 3, 2, 3, 3, 2, 2, 2, 3, 2, 3, 3, 3, 2, 2, 2, 3, 3, 3, 2, 2, 2, 3, 3, 3, 2, 2, 2, 2, 3, 3, 3, 0, 2, 3, 3, 2, 2, 3, 3, 2, 2, 3, 2, 3, 3, 2, 2, 3, 2, 2, 2, 3, 2, 3, 3, 3, 3]
[3, 2, 2, 3, 2, 3, 2, 3, 2, 2, 3, 3, 3, 2, 2, 2, 3, 3, 3, 2, 3, 3, 2, 3, 2, 2, 2, 3, 3, 2, 2, 2, 3, 3, 2, 3, 3, 2, 2, 2, 3, 3, 2, 3, 2, 3, 3, 3, 2, 2, 2, 2, 3, 3, 2, 3, 3, 2, 3, 2, 3, 2, 3, 2, 3, 2, 3, 2, 3, 3, 2, 2, 3, 2, 2, 0, 2, 2, 3, 3, 3, 2, 2, 3, 3, 3, 2, 2, 3, 3, 2, 3, 3, 2, 2, 2, 3, 2, 2, 3]
[2, 3, 3, 2, 3, 3, 2, 2, 3, 3, 2, 2, 3, 3, 2, 2, 2, 2, 3, 3, 3, 2, 3, 2, 3, 2, 2, 2, 3, 3, 2, 2, 3, 3, 3, 2, 3, 3, 2, 2, 2, 3, 3, 2, 3, 2, 2, 3, 2, 3, 2, 3, 2, 3, 3, 3, 2, 2, 2, 3, 3, 3, 2, 2, 2, 3, 3, 3, 3, 2, 2, 3, 2, 2, 3, 2, 0, 2, 2, 2, 3, 3, 3, 2, 3, 3, 2, 2, 3, 3, 3, 2, 2, 2, 3, 3, 2, 3, 2, 2]
[3, 2, 2, 3, 2, 3, 3, 2, 2, 3, 3, 2, 2, 3, 3, 3, 2, 2, 2, 2, 3, 3, 3, 3, 2, 3, 2, 2, 2, 3, 2, 3, 2, 2, 3, 3, 2, 3, 3, 2, 3, 2, 2, 3, 3, 3, 2, 2, 3, 2, 3, 2, 2, 2, 3, 2, 3, 3, 2, 3, 2, 2, 3, 3, 2, 3, 2, 2, 2, 3, 3, 3, 2, 3, 3, 2, 2, 0, 3, 2, 2, 3, 2, 3, 2, 2, 3, 3, 2, 2, 3, 3, 2, 3, 2, 2, 3, 3, 2, 2]
[2, 3, 3, 2, 3, 2, 2, 3, 3, 2, 3, 3, 2, 2, 3, 2, 3, 2, 2, 3, 2, 3, 3, 2, 3, 2, 3, 2, 2, 3, 3, 2, 2, 2, 3, 3, 3, 2, 3, 3, 2, 2, 3, 2, 2, 3, 3, 3, 2, 3, 2, 2, 2, 2, 3, 3, 3, 3, 2, 2, 2, 3, 3, 3, 2, 2, 2, 3, 3, 2, 3, 2, 3, 3, 2, 3, 2, 3, 0, 2, 3, 2, 2, 2, 3, 2, 2, 3, 3, 3, 2, 2, 3, 2, 3, 3, 2, 2, 3, 2]
[3, 2, 2, 2, 3, 3, 3, 2, 2, 2, 3, 3, 3, 2, 2, 3, 2, 3, 3, 3, 2, 2, 2, 3, 2, 3, 3, 3, 2, 2, 2, 3, 3, 2, 2, 2, 3, 3, 3, 2, 3, 2, 3, 3, 2, 2, 2, 3, 3, 3, 2, 2, 3, 3, 2, 2, 2, 3, 3, 3, 2, 3, 2, 2, 3, 3, 2, 2, 3, 2, 3, 2, 3, 3, 2, 3, 2, 2, 2, 0, 3, 2, 3, 2, 2, 3, 3, 2, 2, 3, 2, 3, 3, 2, 2, 3, 2, 3, 3, 3]
[2, 3, 3, 3, 2, 2, 3, 3, 2, 2, 2, 2, 3, 3, 3, 3, 2, 2, 2, 3, 3, 2, 3, 3, 2, 2, 3, 3, 3, 2, 2, 2, 2, 3, 2, 2, 2, 3, 3, 3, 3, 3, 2, 2, 2, 3, 3, 2, 2, 3, 3, 3, 2, 2, 2, 2, 3, 2, 3, 2, 3, 2, 3, 3, 3, 2, 2, 3, 3, 2, 3, 2, 2, 2, 3, 3, 3, 2, 3, 3, 0, 2, 2, 2, 2, 3, 3, 3, 2, 2, 3, 2, 2, 3, 3, 2, 3, 2, 3, 3]
[3, 2, 2, 2, 3, 3, 2, 3, 3, 3, 2, 2, 2, 3, 2, 3, 3, 3, 2, 2, 3, 2, 2, 3, 3, 3, 2, 2, 3, 3, 3, 2, 2, 2, 3, 2, 2, 2, 2, 3, 2, 3, 3, 3, 3, 2, 3, 2, 3, 2, 2, 3, 3, 2, 3, 2, 2, 2, 3, 3, 2, 3, 2, 3, 3, 2, 3, 3, 2, 3, 2, 3, 2, 2, 3, 2, 3, 3, 2, 2, 2, 0, 3, 3, 2, 2, 2, 3, 3, 2, 2, 3, 3, 3, 2, 2, 2, 3, 3, 2]
[2, 3, 3, 2, 2, 2, 3, 3, 3, 3, 2, 2, 3, 2, 3, 2, 3, 3, 2, 2, 2, 3, 3, 2, 3, 3, 2, 3, 2, 2, 3, 3, 3, 2, 2, 2, 3, 2, 2, 3, 3, 2, 2, 3, 3, 2, 2, 3, 3, 2, 3, 2, 3, 2, 2, 3, 3, 3, 2, 2, 3, 3, 2, 2, 2, 3, 3, 2, 2, 3, 3, 2, 3, 3, 2, 2, 3, 2, 2, 3, 2, 3, 0, 3, 2, 3, 2, 2, 3, 3, 2, 2, 3, 3, 3, 2, 3, 2, 2, 3]
[3, 2, 2, 3, 2, 2, 3, 2, 3, 3, 3, 3, 2, 2, 2, 3, 2, 2, 3, 3, 3, 3, 2, 2, 2, 3, 3, 2, 3, 2, 3, 2, 3, 3, 2, 3, 2, 2, 2, 2, 3, 3, 3, 2, 2, 3, 3, 3, 2, 2, 3, 3, 2, 3, 2, 2, 3, 2, 3, 3, 3, 2, 3, 2, 2, 3, 2, 3, 3, 3, 2, 2, 2, 3, 2, 3, 2, 3, 2, 2, 2, 3, 3, 0, 2, 2, 3, 3, 2, 2, 3, 3, 3, 2, 3, 2, 2, 2, 3, 3]
[2, 3, 3, 3, 2, 2, 2, 2, 2, 3, 3, 3, 3, 3, 2, 2, 3, 2, 3, 2, 2, 3, 3, 2, 3, 2, 3, 2, 3, 3, 2, 3, 2, 2, 3, 3, 2, 3, 2, 2, 2, 2, 3, 3, 3, 2, 2, 3, 2, 3, 3, 2, 3, 2, 3, 2, 2, 3, 3, 2, 3, 2, 2, 3, 3, 2, 3, 2, 2, 2, 3, 3, 3, 2, 3, 3, 3, 2, 3, 2, 2, 2, 2, 2, 0, 3, 3, 2, 3, 2, 3, 3, 2, 3, 2, 3, 3, 3, 2, 2]
[3, 2, 2, 2, 3, 3, 2, 3, 2, 2, 3, 3, 2, 3, 3, 2, 2, 3, 2, 3, 3, 2, 3, 3, 2, 2, 3, 3, 2, 2, 3, 3, 2, 3, 2, 2, 3, 2, 3, 2, 2, 2, 2, 2, 3, 3, 3, 2, 3, 3, 2, 3, 2, 3, 3, 3, 2, 2, 2, 3, 2, 3, 2, 3, 2, 3, 3, 2, 2, 3, 2, 3, 3, 2, 2, 3, 3, 2, 2, 3, 3, 2, 3, 2, 3, 0, 2, 2, 3, 3, 2, 2, 2, 3, 3, 3, 2, 2, 2, 3]
[3, 2, 3, 3, 2, 2, 2, 2, 3, 2, 3, 3, 3, 2, 3, 3, 2, 2, 3, 2, 2, 3, 2, 3, 3, 2, 2, 3, 2, 3, 2, 3, 3, 2, 3, 2, 2, 3, 3, 2, 2, 3, 2, 2, 3, 3, 2, 2, 3, 2, 3, 3, 3, 3, 2, 2, 3, 2, 2, 3, 2, 2, 3, 2, 3, 3, 2, 3, 3, 2, 2, 3, 2, 3, 3, 2, 2, 3, 2, 3, 3, 2, 2, 3, 3, 2, 0, 3, 2, 3, 2, 2, 3, 2, 2, 3, 3, 3, 2, 2]
[2, 3, 2, 2, 3, 3, 3, 2, 2, 3, 2, 2, 3, 3, 2, 3, 3, 3, 2, 2, 2, 2, 3, 3, 3, 3, 2, 2, 3, 2, 3, 2, 2, 3, 2, 3, 3, 2, 2, 3, 3, 2, 2, 3, 2, 2, 3, 3, 2, 3, 2, 2, 3, 3, 2, 3, 2, 2, 3, 2, 3, 3, 3, 2, 3, 2, 3, 3, 2, 2, 2, 2, 3, 3, 3, 2, 2, 3, 3, 2, 3, 3, 2, 3, 2, 2, 3, 0, 2, 2, 3, 2, 3, 2, 2, 3, 2, 3, 2, 3]
[2, 3, 3, 2, 3, 2, 3, 3, 2, 2, 2, 2, 2, 3, 3, 3, 3, 3, 2, 3, 2, 2, 2, 2, 2, 3, 3, 3, 3, 3, 2, 2, 3, 3, 2, 3, 2, 2, 3, 3, 2, 3, 3, 2, 2, 2, 2, 2, 3, 2, 3, 3, 2, 3, 3, 2, 3, 3, 2, 3, 2, 2, 2, 3, 2, 3, 2, 3, 3, 2, 3, 3, 2, 2, 2, 3, 3, 2, 3, 2, 2, 3, 3, 2, 3, 3, 2, 2, 0, 2, 3, 3, 2, 3, 2, 2, 2, 3, 3, 3]
[3, 2, 2, 3, 2, 3, 2, 3, 3, 2, 2, 3, 3, 2, 2, 2, 3, 3, 3, 3, 2, 3, 2, 2, 2, 3, 2, 3, 2, 3, 3, 2, 2, 2, 3, 3, 3, 3, 2, 2, 2, 3, 2, 2, 3, 3, 2, 3, 2, 3, 2, 2, 2, 2, 3, 3, 3, 3, 3, 2, 3, 3, 2, 2, 3, 2, 2, 3, 2, 3, 2, 3, 2, 3, 2, 3, 3, 2, 3, 3, 2, 2, 3, 2, 2, 3, 3, 2, 2, 0, 2, 2, 3, 3, 3, 2, 3, 2, 3, 2]
[2, 3, 3, 2, 3, 2, 3, 2, 3, 3, 2, 2, 2, 2, 3, 3, 2, 2, 3, 3, 3, 2, 3, 3, 2, 2, 2, 2, 3, 3, 2, 3, 3, 2, 3, 2, 3, 2, 2, 3, 3, 2, 3, 3, 2, 2, 3, 2, 2, 3, 3, 2, 3, 2, 2, 3, 2, 3, 2, 3, 3, 2, 3, 3, 2, 3, 2, 2, 3, 3, 2, 2, 3, 2, 3, 2, 3, 3, 2, 2, 3, 2, 2, 3, 3, 2, 2, 3, 3, 2, 0, 3, 2, 2, 3, 2, 3, 2, 3, 2]
[3, 2, 2, 3, 2, 3, 2, 3, 2, 3, 3, 2, 2, 3, 3, 2, 3, 2, 2, 2, 3, 3, 3, 2, 3, 2, 3, 2, 2, 2, 3, 3, 3, 3, 2, 2, 3, 3, 2, 2, 3, 2, 3, 2, 2, 3, 2, 3, 3, 2, 2, 3, 2, 3, 3, 2, 2, 2, 3, 2, 2, 3, 3, 3, 2, 2, 3, 3, 3, 2, 3, 2, 2, 3, 2, 3, 2, 3, 2, 3, 2, 3, 2, 3, 3, 2, 2, 2, 3, 2, 3, 0, 2, 3, 2, 3, 2, 3, 2, 3]
[2, 3, 3, 2, 3, 2, 3, 2, 2, 2, 3, 3, 2, 3, 2, 2, 3, 3, 2, 3, 3, 2, 2, 3, 3, 2, 3, 2, 2, 3, 2, 2, 2, 3, 3, 3, 2, 3, 3, 3, 2, 2, 2, 3, 3, 2, 3, 2, 2, 2, 3, 3, 2, 3, 2, 3, 3, 2, 2, 2, 2, 3, 3, 2, 3, 3, 3, 2, 2, 3, 2, 3, 3, 2, 2, 3, 2, 2, 3, 3, 2, 3, 3, 3, 2, 2, 3, 3, 2, 3, 2, 2, 0, 2, 2, 2, 3, 3, 3, 2]
[3, 2, 2, 3, 2, 3, 2, 3, 3, 2, 2, 3, 3, 2, 2, 3, 2, 2, 3, 3, 2, 3, 3, 2, 2, 3, 2, 3, 3, 2, 3, 2, 2, 3, 3, 2, 2, 3, 3, 2, 3, 3, 2, 2, 2, 3, 2, 3, 3, 2, 2, 3, 3, 2, 2, 3, 2, 3, 3, 3, 2, 2, 2, 3, 3, 2, 3, 2, 2, 3, 3, 2, 3, 3, 2, 2, 2, 3, 2, 2, 3, 3, 3, 2, 3, 3, 2, 2, 3, 3, 2, 3, 2, 0, 2, 3, 2, 2, 3, 2]
[3, 3, 2, 2, 3, 2, 2, 2, 3, 3, 3, 2, 3, 2, 3, 2, 2, 3, 2, 2, 3, 3, 2, 3, 2, 3, 3, 3, 2, 2, 2, 3, 3, 2, 2, 3, 3, 2, 2, 3, 2, 3, 3, 2, 3, 2, 3, 2, 3, 3, 2, 2, 2, 2, 3, 2, 3, 2, 3, 3, 3, 2, 2, 3, 3, 3, 2, 2, 3, 3, 2, 3, 2, 2, 3, 2, 3, 2, 3, 2, 3, 2, 3, 3, 2, 3, 2, 2, 2, 3, 3, 2, 2, 2, 0, 3, 3, 3, 2, 3]
[2, 2, 3, 3, 2, 3, 3, 2, 2, 3, 3, 2, 2, 3, 2, 3, 3, 2, 3, 2, 3, 2, 2, 3, 3, 2, 2, 3, 2, 3, 3, 2, 2, 3, 2, 2, 3, 3, 3, 2, 2, 3, 2, 3, 2, 2, 3, 3, 2, 3, 2, 2, 3, 3, 3, 2, 2, 3, 2, 2, 3, 3, 2, 2, 3, 2, 2, 3, 3, 2, 3, 3, 3, 3, 2, 2, 3, 2, 3, 3, 2, 2, 2, 2, 3, 3, 3, 3, 2, 2, 2, 3, 2, 3, 3, 0, 2, 2, 2, 2]
[3, 3, 2, 2, 3, 2, 3, 3, 2, 2, 2, 3, 3, 2, 2, 3, 2, 3, 3, 2, 2, 3, 3, 2, 3, 2, 2, 2, 3, 2, 3, 3, 3, 2, 3, 2, 2, 2, 3, 3, 3, 2, 3, 2, 3, 3, 2, 2, 2, 2, 3, 2, 2, 3, 3, 3, 2, 3, 2, 3, 2, 3, 3, 2, 2, 2, 3, 3, 2, 2, 3, 3, 3, 2, 3, 3, 2, 3, 2, 2, 3, 2, 3, 2, 3, 2, 3, 2, 2, 3, 3, 2, 3, 2, 3, 2, 0, 3, 2, 3]
[2, 2, 3, 3, 2, 3, 2, 3, 3, 2, 2, 3, 2, 3, 3, 2, 2, 3, 2, 3, 2, 2, 3, 3, 3, 3, 3, 2, 2, 2, 2, 3, 3, 2, 2, 3, 2, 3, 3, 2, 3, 2, 2, 3, 3, 2, 3, 2, 3, 2, 2, 3, 3, 2, 2, 3, 3, 2, 2, 3, 3, 2, 3, 2, 2, 3, 3, 2, 2, 3, 2, 2, 2, 3, 3, 2, 3, 3, 2, 3, 2, 3, 2, 2, 3, 2, 3, 3, 3, 2, 2, 3, 3, 2, 3, 2, 3, 0, 2, 3]
[3, 3, 2, 2, 3, 2, 2, 2, 3, 3, 3, 2, 3, 2, 3, 2, 3, 2, 2, 3, 3, 2, 2, 2, 2, 3, 3, 3, 3, 3, 2, 2, 2, 3, 3, 3, 2, 2, 2, 3, 2, 3, 3, 3, 2, 3, 2, 2, 2, 3, 3, 2, 3, 2, 2, 3, 3, 3, 2, 2, 2, 3, 2, 3, 3, 2, 2, 3, 3, 2, 3, 2, 2, 3, 3, 2, 2, 2, 3, 3, 3, 3, 2, 3, 2, 2, 2, 2, 3, 3, 3, 2, 3, 3, 2, 2, 2, 2, 0, 3]
[2, 2, 3, 3, 3, 3, 2, 2, 2, 3, 3, 2, 2, 2, 3, 3, 3, 2, 3, 2, 2, 2, 3, 3, 2, 2, 3, 2, 3, 3, 3, 2, 3, 2, 2, 3, 3, 2, 2, 3, 2, 3, 3, 2, 3, 2, 2, 3, 3, 2, 2, 3, 2, 3, 2, 2, 3, 2, 3, 3, 3, 2, 3, 3, 2, 3, 2, 2, 2, 3, 3, 3, 2, 2, 3, 3, 2, 2, 2, 3, 3, 2, 3, 3, 2, 3, 2, 3, 3, 2, 2, 3, 2, 2, 3, 2, 3, 3, 3, 0]
================== answer  over ====================
106661
